平均值	0.0016568638071523124	0.0015279687087022223	0.0015528817259155543	9.979218534598045E-4	0.001693383414074763	0.0016288228715904142	0.001688785353296675	0.0018977079503109673	0.0012682873418325665	0.0015055387250343009	0.0013355296149774362	0.001008209707619185	0.0012879716017968768	0.0015501040398649595	0.0016004332999624568	0.0012813848076098737	0.0014761816102348575
SiteId	Latitude	Longitude	UserCount	MinuteCount	URICount	TotalCount	美食	休闲娱乐	购物	结婚	宾馆酒店	旅游景点	教育培育	生活服务	医疗服务	丽人	汽车服务	运动健身	商务服务	机构	金融银行	楼宇小区	交通出行	工作区	生活区	商业区
971	40.828098	111.660004	6422	8415	842	152578	58	5	13	0	30	2	6	4	6	3	2	0	1	5	11	1	1	23	77	48	14784	16775	40259	34167	40617	5976
1066	40.8055	111.691002	5893	8630	844	256749	55	4	14	1	13	1	6	3	4	3	1	1	0	3	3	0	1	9	72	32	37049	28824	60660	56503	56611	17102
1098	40.814499	111.685997	5590	8401	820	159507	31	6	4	1	15	2	4	1	4	3	1	1	0	4	7	0	4	18	44	26	6573	9385	50845	34528	38380	19796
656	40.791801	111.653999	4501	8427	817	114760	13	1	4	2	6	1	3	1	5	2	1	0	1	2	5	2	0	12	24	13	14886	16323	26785	23490	27096	6180
1344	40.839699	111.689003	4272	8357	804	132760	40	5	10	0	11	2	2	4	7	2	0	0	0	2	4	3	1	12	55	26	10393	13374	32647	31300	38968	6078
946	40.8251	111.660004	4714	8138	741	103386	61	4	9	0	30	2	6	5	4	3	2	0	1	5	9	1	0	20	79	43	12309	11866	24830	22651	27765	3965
892	40.824525	111.655892	4281	8784	847	202951	59	4	9	0	23	1	7	3	17	2	2	0	0	3	8	1	0	15	88	36	21344	20418	46669	38781	43428	32311
725	40.815399	111.648003	5296	8714	811	147670	33	17	6	1	4	2	4	4	2	2	2	0	0	3	1	1	0	9	45	28	9757	12714	31811	31009	38350	24029
1086	40.810001	111.689003	5557	8330	795	149347	42	6	13	0	7	1	7	4	4	3	2	1	0	2	6	1	2	14	61	26	10608	14190	46963	30559	40656	6371
1304	40.828499	111.695	5309	8795	818	251882	49	10	12	1	19	5	5	3	1	2	1	0	1	3	9	3	4	26	60	42	23558	24302	63150	51813	56890	32169
904	40.827801	111.653999	3856	8452	788	127145	39	2	5	0	16	1	2	3	5	0	2	0	0	1	7	1	2	14	49	23	17537	16879	32574	24398	28871	6886
1245	40.8419	111.675003	4755	8768	819	188699	59	4	8	1	14	1	3	5	5	7	2	1	0	6	4	0	1	14	80	27	12846	14405	38310	43841	45516	33781
770	40.797001	111.671997	4244	8390	750	108762	55	4	20	0	23	0	7	6	6	5	5	0	1	4	4	1	0	15	79	47	13674	16111	24341	21692	27975	4969
1056	40.827301	111.667999	4567	8140	687	84110	66	10	16	0	39	3	1	6	3	3	5	2	0	3	10	0	3	24	81	65	8737	10760	19920	16288	24903	3502
1149	40.815899	111.689003	4520	8737	808	162181	33	6	5	0	13	1	5	3	17	3	2	1	1	2	7	1	2	16	62	24	9418	15835	32400	34450	35644	34434
1106	40.835999	111.665001	4607	8223	809	143364	15	9	10	2	9	1	3	4	5	3	4	0	0	2	5	0	0	12	30	30	9932	14327	50457	26150	37972	4526
1244	40.819901	111.696999	4351	8633	726	113669	52	7	6	1	22	4	5	5	18	12	1	1	0	8	5	0	2	20	93	36	11212	9604	20567	22658	27134	22494
1482	40.83559	111.726733	4277	8433	773	125730	35	3	9	1	7	1	5	3	7	4	1	0	0	1	7	2	1	13	54	20	10978	15355	28777	29228	35010	6382
1378	40.830601	111.704002	3642	8531	769	147018	61	15	9	1	22	3	5	5	4	8	0	0	1	9	8	0	3	24	83	47	17180	18731	33789	30579	38430	8309
1282	40.829498	111.691002	3999	8681	725	136897	52	12	6	1	22	5	6	2	7	3	8	2	1	3	13	3	2	35	72	41	14269	13463	26760	21463	34407	26535
895	40.8018	111.679001	3233	8497	734	127858	63	6	17	0	11	1	3	4	12	3	1	1	0	4	10	0	2	18	86	34	19681	18561	26602	25511	28451	9052
1082	40.832401	111.666	3789	8365	705	110667	36	4	13	0	16	1	1	4	3	1	4	0	0	1	5	0	2	13	45	33	11249	13024	29768	20077	30886	5663
697	40.7938	111.664001	3501	8438	735	101930	51	4	14	1	24	0	8	9	9	5	4	0	1	4	3	0	1	13	82	43	14685	15571	22033	15308	27506	6827
965	40.829399	111.657997	2606	6124	584	39322	36	2	7	0	23	2	5	2	4	1	1	0	1	3	8	1	2	18	48	32	2459	5503	11700	9675	8676	1309
1357	40.8298	111.700996	4061	8590	712	96474	34	9	11	0	14	2	5	8	3	5	0	0	0	4	8	1	3	18	55	34	8647	8751	19969	20776	24767	13564
1425	40.8325	111.712997	3910	7833	695	74123	48	8	6	1	24	0	2	4	0	4	3	0	2	7	2	2	0	16	58	39	6255	10168	21755	13423	19859	2663
817	40.801601	111.671997	3354	8337	757	142979	48	4	8	4	13	1	5	3	7	5	3	1	0	4	7	0	1	16	69	29	12145	18163	41914	29038	36643	5076
1351	40.816299	111.713997	2881	8243	718	105818	47	3	2	2	13	1	4	3	2	3	0	1	0	3	4	1	0	9	60	20	9948	10708	26480	23992	29012	5678
1011	40.822899	111.667999	3601	8137	667	87167	96	25	13	0	39	6	3	3	3	5	5	1	1	5	14	0	4	35	111	77	5569	5621	19959	20319	22440	13259
1297	40.843399	111.679001	3860	8686	813	246610	22	4	4	1	14	2	6	5	6	5	3	0	0	5	1	0	0	11	44	23	14612	17300	70902	45714	57330	40752
1210	40.812599	111.699997	3800	7886	743	85276	67	14	12	0	14	2	6	3	7	7	0	0	0	5	7	0	1	15	90	40	7489	10732	24111	16136	22847	3961
1020	40.8283	111.663002	3289	7974	691	76710	55	5	17	0	34	1	5	4	5	2	4	1	1	3	9	0	3	21	72	56	7519	9959	21019	14762	20748	2703
664	40.792599	111.655998	3010	8389	723	108006	21	2	6	3	12	1	4	2	7	2	2	0	1	2	5	2	1	14	36	23	13404	17842	26051	20344	23778	6587
1065	40.809399	111.686996	3845	7266	770	132340	36	4	14	0	10	1	7	6	6	3	2	1	0	2	7	1	3	16	59	28	4188	9244	45930	30223	39076	3679
1154	40.84091	111.66438	3431	8494	708	98098	16	5	5	2	8	2	10	2	4	2	2	0	0	1	2	0	0	7	34	20	10081	8291	16777	19371	23053	20525
1224	40.811901	111.702003	3003	8558	833	295163	64	14	9	2	10	1	4	2	9	4	0	0	0	6	4	0	1	12	83	35	18450	20507	100431	59721	81667	14387
721	40.8074	111.654999	3487	8263	662	68041	71	13	14	0	16	2	7	3	7	4	4	1	0	4	7	0	0	17	93	43	6438	6108	12294	13106	15378	14717
1265	40.813801	111.705002	2881	8635	811	273921	62	14	4	3	9	1	1	3	4	6	0	0	0	6	6	1	0	14	76	30	53234	40915	55556	55209	50236	18771
1313	40.835098	111.690002	3096	7641	621	65340	23	4	19	0	13	1	1	10	6	2	7	0	1	0	1	1	1	12	42	36	10912	9559	14469	11843	15549	3008
1203	40.815102	111.695999	3031	8547	744	146679	79	16	14	0	23	1	6	3	20	10	0	0	0	7	9	0	0	17	118	53	21711	14599	27600	30736	40515	11518
1331	40.821301	111.706001	2867	8497	756	135838	68	9	7	3	15	1	8	4	7	8	2	0	0	10	6	3	1	23	95	34	11586	14079	24548	25805	28823	30997
1332	40.844398	111.682999	3044	8782	829	158821	18	4	6	1	8	2	5	5	3	4	4	0	0	6	1	0	0	13	35	19	15120	15181	34231	28375	33757	32157
980	40.802502	111.685997	2670	8611	825	267022	47	5	20	0	12	1	1	6	11	1	7	0	0	2	8	2	1	21	66	37	39363	26629	71370	53808	57160	18692
1428	40.825001	111.721001	2434	8501	735	121109	20	5	5	0	10	2	9	1	3	1	1	0	1	2	3	1	0	10	34	20	15657	16473	28917	23104	30228	6730
1000	40.807999	111.681999	2632	8487	734	135532	57	9	11	1	10	2	3	7	7	4	5	0	0	3	12	1	2	25	78	31	14843	17760	32095	28132	33745	8957
876	40.798302	111.68	3010	8043	631	68975	46	6	19	0	8	1	1	4	7	1	2	0	1	2	10	2	1	19	59	33	8128	8294	17274	13619	18080	3580
1382	40.8344	111.700996	2130	8030	776	150151	18	6	11	0	10	2	3	6	5	3	4	0	0	1	2	1	3	13	35	27	20342	27327	32403	31553	30231	8295
794	40.823508	111.647933	3387	7472	619	46969	48	2	11	1	15	1	4	4	5	0	3	0	0	1	3	1	2	11	61	29	2568	4705	9362	10116	12568	7650
1273	40.811199	111.708	2582	8451	744	124257	37	5	4	2	10	1	1	2	6	2	0	0	0	4	6	2	1	14	48	21	12693	12993	35239	23964	31568	7800
1012	40.803902	111.686996	2869	7962	737	136259	46	3	13	0	13	1	1	4	9	1	6	0	0	1	5	1	1	15	61	29	12160	10795	45131	28224	33873	6076
1413	40.8423	111.699997	2078	8692	715	104661	10	1	16	0	6	2	6	7	2	2	0	0	0	2	5	2	0	11	27	23	14302	12092	13839	16616	19574	28238
1387	40.823299	111.712997	2347	8283	653	83395	85	7	12	3	17	1	8	4	8	7	1	1	1	11	6	1	0	21	113	39	13512	12672	18001	15235	17927	6048
1201	40.832001	111.679001	2532	7893	621	58149	55	5	8	0	10	1	2	7	6	4	16	0	0	4	2	2	1	26	74	23	7585	9195	12476	11734	13622	3537
1307	40.818699	111.705002	1983	8786	766	142321	73	13	6	4	12	2	8	2	5	11	1	0	0	12	6	3	2	26	99	35	16738	19261	22962	22889	25781	34690
1189	40.8302	111.679001	2575	7102	594	46331	69	10	9	0	16	1	4	7	7	7	11	1	0	7	5	2	1	27	95	35	3548	4216	11595	10685	13923	2364
1121	40.8134	111.689003	2574	8557	758	140293	38	7	8	0	14	1	8	3	7	4	1	1	0	3	8	0	3	16	61	29	19303	12601	27410	21845	26499	32635
992	40.829498	111.660004	2180	5217	593	45035	48	4	11	0	30	2	4	3	6	2	3	0	1	4	7	1	2	20	63	45	389	1923	13824	12751	14471	1677
1438	40.827801	111.720001	1737	8517	752	144200	28	4	5	0	10	2	7	1	4	1	2	0	1	2	3	1	0	11	41	19	25598	22663	32742	25326	29396	8475
1029	40.813801	111.678001	2707	8172	746	107908	76	8	13	1	14	1	3	3	21	8	2	0	0	5	19	0	1	28	111	36	5589	5622	22460	20217	30725	23295
1197	40.819698	111.691002	2604	7903	706	86132	86	7	12	2	32	1	8	5	15	8	1	2	1	8	10	1	1	23	124	53	4938	7458	19744	15020	22114	16858
931	40.827019	111.657437	1791	7637	627	50080	57	3	8	0	29	2	5	4	7	2	2	0	1	4	9	1	2	21	75	40	6956	6712	12043	10133	11478	2758
1207	40.837799	111.674004	2411	7525	740	125538	63	9	10	1	13	1	3	3	2	3	5	1	0	4	3	0	0	13	75	33	5521	10805	38719	25572	40700	4221
661	40.7892	111.658997	1776	8450	742	115500	18	3	5	3	13	1	4	3	6	3	2	0	1	3	4	1	1	13	34	24	11900	18073	28304	23401	26910	6912
687	40.795799	111.660004	2218	8096	649	68169	37	6	15	2	21	0	7	6	9	5	1	0	1	4	7	1	1	15	64	44	8144	9295	16234	13026	17759	3711
1346	40.8438	111.684998	2674	7629	697	85126	23	4	7	1	7	2	5	4	3	3	5	0	0	5	2	2	0	16	38	19	4275	5413	25623	15155	19443	15217
1176	40.839199	111.667999	1893	8280	705	93900	45	11	9	2	9	1	11	1	5	4	2	1	0	4	5	0	1	13	67	31	15813	13784	23030	17863	18492	4918
713	40.798801	111.662003	1881	8179	704	73887	55	7	14	1	11	2	5	7	6	3	5	0	0	2	3	3	1	16	76	33	7751	11138	16511	16015	17703	4769
1051	40.818699	111.676003	1380	8765	718	133124	66	10	28	2	30	5	3	7	3	7	5	1	0	8	14	1	4	37	87	70	18610	13037	18768	26257	26036	30416
1141	40.813801	111.690002	2101	8633	734	110583	42	6	12	0	18	1	8	2	16	4	1	1	0	3	7	0	3	15	73	36	12220	9455	22470	24004	21255	21179
749	40.803001	111.663002	1872	7878	586	52788	50	11	16	5	15	3	4	5	7	0	3	0	0	0	5	3	1	15	66	47	6881	6780	10577	11940	12909	3701
1101	40.827702	111.672997	1209	8364	691	91058	76	13	9	1	26	2	6	7	3	7	5	2	0	8	9	0	2	26	101	49	12040	14666	20005	18756	19564	6027
1353	40.8274	111.703003	1737	8631	691	92709	28	8	5	0	9	2	4	2	0	4	1	0	0	5	9	1	1	19	38	22	8882	10179	16497	18083	21709	17359
820	40.797901	111.676003	1883	7554	596	51738	61	7	22	0	14	1	3	2	5	4	4	0	1	3	12	1	1	23	75	43	6786	6201	12115	10034	13886	2716
736	40.812199	111.652	1648	8388	650	77098	87	15	12	0	7	4	7	7	10	2	2	1	0	2	2	0	0	10	114	34	7379	6791	12824	12994	14244	22866
1079	40.8167	111.681	2258	5966	590	31095	54	13	6	2	27	1	4	2	7	4	2	0	0	5	11	0	3	22	71	48	2229	3530	6034	6729	8105	4468
1073	40.813202	111.683998	2016	7357	777	180452	33	6	6	1	14	1	3	2	8	6	1	1	0	6	7	0	2	17	53	27	2047	7994	72357	30546	47922	19586
1139	40.797798	111.706001	1578	8497	609	82463	22	1	5	0	14	0	2	2	33	1	1	1	0	0	9	1	0	11	61	20	13761	8782	10401	11168	13610	24741
1186	40.811901	111.696999	2025	7216	561	47895	70	14	14	0	16	2	10	4	8	4	0	0	0	4	7	0	1	14	96	44	5423	5642	10668	9228	14096	2838
732	40.7938	111.669998	1672	8168	600	80140	44	3	17	0	23	0	4	7	8	1	7	0	0	1	3	2	0	13	64	43	12478	14020	22209	10999	15394	5040
1225	40.832001	111.681999	1575	7403	553	40026	41	5	10	0	10	0	2	10	11	2	16	1	0	2	4	2	0	24	67	25	5360	5327	9105	8588	9367	2279
682	40.791401	111.663002	1678	8189	616	66183	27	4	8	3	17	0	5	5	7	3	1	0	1	3	5	1	1	12	47	32	10279	10823	14314	12885	14329	3553
730	40.814701	111.649002	2198	7158	554	36702	34	16	7	0	3	2	4	5	2	2	2	1	0	2	1	1	0	8	48	26	2498	3490	6794	7812	9106	7002
1483	40.8344	111.727997	1616	5788	526	60311	36	4	8	1	6	1	5	3	7	5	1	0	0	2	7	2	1	14	56	19	2749	703	12366	21655	20236	2602
744	40.813599	111.652	1383	8488	680	83803	84	16	10	0	7	5	6	9	8	3	2	1	0	3	2	0	0	12	111	33	7937	8967	12943	17530	15040	21386
1168	40.8125	111.694	1820	8210	625	87615	57	13	15	0	13	2	11	3	8	3	0	1	0	3	6	0	1	12	83	41	16126	11742	15946	17195	19235	7371
1089	40.829601	111.669998	1434	7304	479	34042	62	9	12	0	26	3	3	4	4	4	5	1	0	4	10	0	4	26	78	47	5003	4764	7762	6194	7600	2719
1328	40.834	111.693001	1379	7807	598	51892	13	3	18	0	5	2	0	5	4	0	5	0	1	0	1	1	2	12	22	26	8065	7516	9797	11050	11395	4069
815	40.822399	111.651001	1322	8584	666	101211	60	2	11	1	21	2	5	6	16	0	3	0	0	1	7	2	1	16	87	35	11137	12279	21237	17323	18773	20462
1288	40.8442	111.677002	2058	4539	729	132457	25	4	3	1	12	2	5	5	6	6	2	0	0	6	2	0	0	12	47	20	62	2425	53035	33260	37430	6245
1384	40.826099	111.709999	1186	7994	640	68791	100	15	9	3	24	1	7	5	6	8	1	1	0	9	4	2	1	18	127	51	7246	8506	17015	15450	16139	4435
950	40.8004	111.684998	1706	8128	654	101014	56	6	17	0	12	2	1	4	12	1	8	0	0	2	15	1	2	30	74	35	13153	14820	26467	18457	22304	5813
1352	40.822399	111.708	1560	7796	614	64577	90	6	11	5	18	1	10	4	10	8	2	1	0	13	7	3	1	27	123	40	6748	7728	17518	12500	16773	3310
1339	40.832001	111.695999	1458	7980	594	52793	24	4	17	0	11	2	5	4	3	1	3	0	0	1	2	1	3	12	37	32	7772	6159	8131	8338	10538	11855
696	40.799801	111.657997	1465	7806	546	51872	32	7	14	2	10	1	3	5	4	3	2	0	0	2	3	2	1	11	47	33	6362	6820	11487	10319	13297	3587
1249	40.830299	111.686996	1111	7654	601	65736	60	12	11	1	22	4	6	6	10	3	12	2	0	2	12	3	2	35	87	46	7953	6714	16734	14297	17076	2962
1326	40.823545	111.703298	1485	8577	650	83169	71	9	12	3	20	4	8	3	5	7	2	1	0	9	7	3	3	28	95	44	9098	7856	12811	15738	15333	22333
1389	40.814899	111.722	1214	7813	586	52219	39	1	2	1	8	2	4	4	3	3	2	1	0	3	3	3	0	13	54	12	4895	6161	7879	9108	9109	15067
1071	40.806	111.691002	1730	7635	590	54749	58	4	15	1	11	1	8	3	4	4	1	1	0	4	3	0	1	10	78	31	9064	5933	10791	12020	12387	4554
700	40.799	111.658997	1511	7302	519	41236	38	6	13	2	11	1	4	6	5	2	1	0	0	2	4	2	1	11	55	32	7392	6069	7797	7766	10002	2210
1312	40.8419	111.682999	1328	8353	585	64257	27	4	4	1	12	2	6	5	4	3	4	0	0	4	1	2	0	13	45	21	9479	7129	9573	12065	11890	14121
709	40.802101	111.657997	1767	5051	431	21221	33	10	13	2	12	2	2	5	3	3	2	0	0	3	4	1	1	13	46	37	2454	1916	5930	4241	6167	513
1291	40.8195	111.702003	935	8355	625	88738	65	12	5	4	16	4	10	5	7	7	2	1	0	8	5	2	3	24	95	37	8393	10400	13490	14590	14956	26909
1418	40.828899	111.713997	1115	7722	610	62229	64	10	7	0	27	1	3	4	1	1	3	0	1	1	1	3	0	10	73	44	7222	8485	17938	11675	14571	2338
710	40.804199	111.655998	1314	7255	530	54924	43	11	8	1	16	1	7	4	2	3	1	0	0	3	3	1	0	9	59	36	4723	4962	7338	11156	12965	13780
1226	40.812	111.702003	1621	7269	598	64912	63	14	9	2	10	1	4	2	10	5	0	0	0	7	4	0	1	13	84	35	5778	6417	17486	12380	19070	3781
1315	40.8265	111.698997	899	8459	650	83770	34	5	12	0	16	3	5	3	1	2	2	1	1	2	9	1	3	21	46	33	9694	9411	13753	13229	18000	19683
1377	40.8209	111.712997	948	7489	519	47046	69	6	9	3	13	0	7	4	9	9	1	1	0	11	4	2	0	18	99	31	4935	6915	13153	8120	10929	2994
1040	40.8326	111.661003	939	7107	518	35756	31	3	10	1	18	1	1	2	3	1	2	0	1	2	4	0	1	11	38	32	4487	4462	9808	6566	8206	2227
1338	40.831974	111.695808	1163	8149	555	51538	25	4	17	0	11	2	4	4	3	1	3	0	0	1	3	1	3	13	37	32	5455	6226	8982	9348	11142	10385
1164	40.833099	111.672997	1069	7525	549	48042	61	5	9	0	17	2	4	4	5	3	9	1	0	3	2	0	1	17	78	31	6315	6181	10865	8450	12469	3762
1345	40.813801	111.714996	828	6935	502	34780	30	3	4	1	12	1	0	3	0	5	5	1	0	3	4	2	0	15	39	20	5721	4733	6983	7589	7610	2144
1236	40.8391	111.677002	1336	4474	437	17630	46	3	7	0	12	1	3	3	7	5	2	0	0	5	1	0	0	9	64	22	701	1857	4520	4622	5293	637
712	40.814056	111.646568	886	7756	661	102231	34	17	6	0	3	2	5	4	2	2	2	1	1	2	0	1	0	8	48	26	2657	7795	31701	23013	27450	9615
733	40.797901	111.666	601	6930	503	37332	69	7	16	0	21	2	8	9	9	3	5	0	0	2	2	2	1	14	98	44	4756	5328	9577	7500	7780	2391
848	40.7957	111.681	975	7468	502	42855	36	4	15	1	6	1	0	2	8	1	2	0	1	3	9	1	1	18	47	26	7682	5573	9013	8086	9700	2801
936	40.826	111.658699	799	3469	425	21596	66	4	11	0	33	1	6	6	7	3	3	0	1	5	8	1	0	19	88	48	0	2	5210	8975	7409	0
1034	40.82665	111.66574	761	7390	477	39548	73	9	15	0	43	1	3	6	4	3	4	1	0	3	12	0	3	23	90	67	7419	7859	8648	7263	6946	1413
943	40.826	111.658997	778	3546	443	32665	64	4	12	0	33	1	6	6	6	3	3	0	1	5	8	1	0	19	85	49	1	17	10912	11375	10360	0
678	40.795601	111.656998	648	7719	488	40943	26	3	11	2	12	1	5	4	8	4	2	0	1	4	5	0	1	14	47	28	7120	6783	6858	7905	9074	3203
1299	40.823002	111.699997	658	8154	585	56867	43	6	7	2	17	1	8	6	5	4	2	1	0	6	7	2	3	21	67	32	6797	8593	8516	10049	7617	15295
1246	40.842899	111.674004	1321	4126	572	61544	37	3	3	1	12	1	5	3	6	6	1	1	0	5	4	0	1	12	58	19	30	765	20518	16912	21120	2199
676	40.813	111.639	846	6154	459	32610	10	2	6	1	6	2	4	4	3	0	0	0	1	2	2	1	0	8	21	15	3269	2641	4290	7045	7223	8142
1481	40.834099	111.727997	796	4431	370	21907	37	4	8	1	6	1	5	3	7	4	1	0	0	1	7	2	1	13	56	19	791	596	5985	6095	7969	471
737	40.809299	111.654999	773	6903	418	29227	109	7	19	1	16	2	6	7	10	5	4	1	0	6	7	0	0	19	138	43	4435	3609	5482	4916	4873	5912
1350	40.8339	111.695999	586	6885	514	33085	17	3	17	0	10	1	2	4	3	0	4	0	1	0	1	1	3	11	26	30	7274	7416	3659	5155	6436	3145
786	40.796501	111.674004	676	4002	415	24155	45	4	17	1	18	0	4	1	3	3	3	0	1	3	3	1	0	11	56	40	0	119	5075	7553	11023	385
1068	40.811699	111.684998	1060	4572	601	65727	33	6	7	1	16	2	4	4	8	5	3	1	0	5	8	0	2	20	55	30	0	2270	35342	9864	13223	5028
1349	40.831	111.698598	733	6346	533	48670	24	4	13	0	14	2	6	6	3	2	2	0	0	1	8	0	4	17	41	31	2190	3507	15362	10962	11292	5357
1360	40.824902	111.706001	533	6195	439	27135	83	11	7	3	19	2	4	6	7	8	3	0	0	10	6	2	1	24	108	40	6088	3440	4953	4184	6300	2170
1239	40.844601	111.671997	699	8199	575	99616	33	4	1	0	13	2	4	2	6	4	0	0	0	3	4	0	1	10	49	18	13472	11561	12333	22860	10828	28562
830	40.795799	111.679001	454	6152	375	22544	38	4	16	1	10	1	1	3	6	1	4	0	1	3	9	1	1	20	49	31	3244	3187	5891	4576	3927	1719
1283	40.836887	111.683853	382	6044	394	22243	30	4	14	0	13	1	2	9	4	1	5	0	0	0	0	2	1	9	46	31	2997	2999	4461	4238	5662	1886
1311	40.836498	111.688004	419	3634	361	17956	29	6	20	0	11	1	1	10	7	2	7	0	1	0	2	3	1	15	49	37	25	72	5718	5682	6375	84
769	40.81469	111.654289	487	6545	407	26762	86	19	12	0	11	5	5	10	11	3	2	0	0	4	5	1	0	17	115	42	3089	2615	5121	5965	4031	5941
1485	40.834599	111.727997	508	4343	364	21647	36	4	8	1	6	1	5	3	8	5	1	0	0	2	7	2	1	14	57	19	136	235	4946	7245	8113	972
766	40.7985	111.669998	321	6300	334	22917	72	6	18	0	27	0	0	6	9	6	7	0	0	5	4	2	0	18	93	51	4413	5342	4075	4016	3586	1485
1140	40.8148	111.689003	337	5042	392	22458	28	5	5	0	12	1	6	2	17	3	2	1	0	2	6	1	1	13	57	22	1685	2039	7181	4433	4488	2632
974	40.800201	111.688004	503	7658	521	71158	39	5	15	0	11	0	1	2	11	1	8	0	0	2	7	1	0	18	54	31	11131	6133	12629	19321	14063	7881
955	40.827728	111.658539	342	4818	333	15867	54	3	9	0	29	3	5	4	5	3	2	0	1	5	9	1	2	23	71	41	3210	3418	3306	2283	2893	757
1486	40.835602	111.726997	464	7535	556	168253	35	3	9	1	7	1	5	3	7	4	1	0	0	1	7	2	1	13	54	20	2742	8230	52324	43297	56904	4756
984	40.802799	111.685997	576	6012	382	30166	48	4	19	0	13	1	1	6	11	1	5	0	0	2	8	2	1	19	67	36	3592	3459	7658	6319	7203	1935
1421	40.833698	111.710999	243	6771	366	27333	42	9	6	1	22	1	2	4	3	5	2	0	2	7	1	4	0	17	56	38	5138	4234	4684	4429	5624	3224
1396	40.818119	111.720207	219	5518	329	26526	51	1	2	1	10	2	4	5	4	1	0	1	0	1	3	2	0	8	66	14	1604	1932	8652	5277	5191	3870
1255	40.843498	111.674004	543	7366	491	66771	34	4	1	0	13	1	5	3	6	5	1	0	0	4	4	0	1	11	53	18	9532	5867	8357	12719	9966	20330
1018	40.8162	111.675003	255	3594	295	11510	90	10	35	2	21	2	5	7	16	12	2	0	0	9	18	0	3	34	130	68	1237	372	2056	2944	2936	1965
1269	40.820999	111.697998	371	5144	301	14923	51	8	7	1	20	4	8	5	7	6	1	1	0	7	5	0	2	19	78	36	1347	782	1539	2825	3882	4548
727	40.808601	111.654999	399	6597	315	19504	73	8	19	0	16	2	6	4	7	5	4	1	0	4	7	0	0	17	96	43	2960	1429	2023	3085	5345	4662
970	40.802101	111.685997	476	6242	419	30054	48	5	19	0	12	1	1	6	11	1	7	0	0	2	8	1	1	20	67	36	6193	3649	6770	5242	6379	1821
1334	40.828499	111.698997	398	5235	330	15165	34	5	13	0	17	2	5	5	1	2	1	0	1	2	11	1	3	21	47	35	1297	1307	3320	3701	3454	2086
985	40.828999	111.660004	356	2733	282	12296	50	5	12	0	30	2	4	3	6	2	3	0	1	4	9	1	1	21	65	47	0	0	3608	5314	3374	0
1151	40.813099	111.692001	492	7038	545	41234	48	9	13	0	15	3	10	3	16	4	0	1	0	3	7	0	2	15	82	37	6889	6847	6416	9101	7292	4689
949	40.800753	111.684598	385	4783	312	18469	58	6	18	0	12	2	1	4	12	2	8	0	0	3	15	1	2	31	77	36	2993	3358	4989	2529	3326	1274
1026	40.808701	111.682999	305	3913	330	25117	60	7	11	1	11	2	5	7	7	6	2	0	0	4	12	1	2	23	85	30	249	2121	10367	3522	8182	676
1013	40.808899	111.681999	442	6467	431	38779	62	8	8	2	10	2	3	5	7	5	4	0	0	5	12	1	1	25	82	28	9671	5878	4739	7077	6799	4615
1324	40.837799	111.689003	217	3215	305	13156	38	6	19	0	15	2	1	11	7	2	3	0	1	2	3	3	1	15	59	40	1	4	4345	4304	4502	0
1163	40.813	111.693001	319	6577	424	42168	52	12	13	0	14	2	11	3	16	4	0	1	0	3	7	0	1	13	87	39	8195	5501	6306	11196	6625	4345
1257	40.812698	111.705002	277	6738	372	41138	60	13	6	3	11	1	0	2	6	2	0	0	0	4	6	1	1	13	70	33	9933	7403	6851	7724	5944	3283
964	40.827301	111.660004	223	2227	233	7963	63	5	13	0	32	3	6	4	6	3	2	0	1	5	11	1	0	23	82	50	0	54	2657	3116	2136	0
1138	40.8167	111.686996	163	3906	315	14875	43	11	6	0	20	1	4	1	11	3	2	1	1	2	6	1	4	17	63	37	1177	1133	4333	2924	3072	2236
954	40.800201	111.685997	287	7408	451	53905	46	5	16	0	12	1	1	4	12	1	7	0	0	2	8	1	1	20	64	33	11637	10827	7633	10495	9633	3680
767	40.814701	111.653999	222	2851	259	8700	86	18	12	0	11	5	6	9	10	3	2	0	0	3	5	1	0	16	114	41	2318	984	1365	999	1156	1878
1298	40.8438	111.679001	254	6445	433	49200	21	4	4	1	13	2	5	5	6	5	3	0	0	5	1	0	0	11	42	22	4312	3850	5982	12096	6985	15975
724	40.808399	111.654999	278	6243	322	19914	72	10	17	0	13	2	5	4	8	5	4	1	0	4	7	0	0	17	95	40	3679	1145	2244	3682	4122	5042
1293	40.834999	111.686996	139	2965	274	13046	25	4	21	0	9	1	1	12	12	1	13	0	1	0	1	1	1	18	51	34	10	74	4189	4102	4655	16
714	40.816101	111.644997	217	3726	316	12820	28	16	4	0	6	2	4	2	2	1	1	0	1	0	0	1	0	5	37	26	701	133	3149	3655	3724	1458
1258	40.813	111.705002	254	7574	419	52184	59	14	5	3	10	1	1	2	5	2	0	0	0	4	6	1	1	13	69	32	11395	8146	9811	9134	9137	4561
1145	40.829102	111.675003	181	2113	205	5263	69	11	12	1	24	2	5	8	5	9	7	2	0	10	9	1	1	30	98	48	291	763	845	1503	1495	366
987	40.802101	111.686996	235	6443	403	32716	48	6	17	0	12	1	1	5	11	1	7	0	0	2	7	1	1	19	66	35	6857	3286	6563	6424	5881	3705
1177	40.814201	111.693001	295	6622	435	34688	50	8	14	0	16	2	9	3	16	4	1	1	0	3	5	0	1	12	83	38	7674	5666	4072	7552	5704	4020
1330	40.827099	111.699997	228	3089	250	8505	29	4	13	0	16	3	5	3	1	2	2	1	1	2	11	1	4	24	41	33	1087	569	598	1652	2345	2254
1509	40.836601	111.732002	173	1889	221	7065	38	4	6	1	5	2	3	1	5	6	1	0	0	1	1	3	1	9	53	16	30	152	3000	2152	1700	31
1287	40.843102	111.678001	208	6750	412	51785	29	4	4	1	14	2	6	5	6	6	3	0	0	6	1	0	0	12	52	23	12239	4638	9150	8873	5082	11803
961	40.8242	111.663002	102	3709	224	10529	72	15	12	0	33	3	4	3	5	5	3	1	0	5	10	0	1	22	90	60	890	473	2300	1858	2492	2516
1302	40.8442	111.679001	243	6347	425	36554	21	5	3	1	12	2	5	5	7	5	3	0	0	5	2	0	0	12	43	21	5761	3593	6038	7451	4689	9022
1303	40.821301	111.702003	182	3488	272	15191	69	9	8	3	18	4	11	5	6	8	2	1	0	9	7	2	3	27	100	38	77	248	4759	5693	3546	868
1314	40.847301	111.678001	217	3491	319	17856	14	4	3	1	6	2	5	4	5	4	2	0	0	4	3	0	0	11	32	14	2999	1505	2685	3359	2169	5139
747	40.809799	111.655998	122	4882	254	17374	114	8	21	1	20	4	8	5	13	4	4	1	0	4	6	0	0	18	145	50	2807	1386	3955	3003	4120	2103
994	40.808601	111.681	235	4628	333	21926	63	9	7	1	10	3	3	7	9	4	4	0	1	3	13	2	1	27	86	27	3613	3400	2565	5151	4685	2512
1341	40.8382	111.690002	132	2367	173	8072	35	5	21	0	13	1	2	10	7	2	0	0	1	2	4	3	1	12	56	39	0	0	2621	2770	2681	0
1285	40.83696	111.684013	117	2453	212	5705	30	4	14	0	13	1	2	8	4	1	4	0	0	0	0	2	1	8	45	31	601	747	1621	759	1442	535
814	40.8064	111.667	125	1666	160	3505	35	11	7	12	10	1	3	3	5	1	2	1	0	5	4	1	1	14	48	40	98	228	776	764	1450	189
1336	40.8386	111.689003	131	1885	205	5012	39	5	19	0	13	2	2	10	7	2	1	0	1	2	3	3	1	13	60	37	3	10	1699	1651	1640	9
1305	40.844501	111.679001	194	5516	488	41192	21	5	3	1	11	2	5	5	7	5	2	0	0	5	2	0	0	11	43	20	3997	5131	5498	7061	6118	13387
1280	40.8274	111.693001	136	1981	174	9787	83	14	15	2	28	6	6	3	4	5	2	1	1	7	11	3	3	33	102	59	181	1125	1934	2221	1437	2889
1424	40.831402	111.713997	113	1279	199	4442	41	9	6	0	23	0	3	4	0	0	3	0	1	1	3	3	0	11	48	38	14	45	1205	1555	1515	108
1017	40.809101	111.681999	217	4956	291	20616	61	9	6	2	11	2	4	5	9	5	4	0	0	5	13	1	1	26	84	28	5277	2476	2161	4033	3901	2768
1256	40.812599	111.705002	182	3549	294	14841	58	13	6	3	11	1	0	2	7	2	0	0	0	4	6	1	1	13	69	33	2436	1867	1511	4896	2681	1450
1169	40.811501	111.695	90	1648	159	3630	60	11	16	0	15	2	10	3	8	3	0	1	0	3	7	0	1	13	85	42	405	193	906	842	1150	134
1031	40.806999	111.684998	76	3419	233	12915	52	4	18	1	12	1	3	6	10	4	6	0	0	3	11	1	3	25	75	35	3107	1627	487	5278	1250	1166
1321	40.8283	111.697998	154	3771	241	9901	34	7	13	0	14	3	6	5	1	2	1	0	1	2	11	1	4	23	48	34	1646	1448	1808	1430	1543	2026
777	40.804699	111.665001	125	1831	177	4753	45	7	6	6	14	3	3	4	8	0	3	0	0	1	5	0	1	13	60	33	0	15	1884	1710	1131	13
1125	40.8396	111.663002	119	2344	189	6231	14	5	5	2	7	2	10	2	5	2	3	0	0	1	3	0	0	9	33	19	434	352	1330	1128	2022	965
1427	40.824001	111.722	76	1507	154	3500	22	3	4	0	11	2	6	2	2	1	0	0	1	2	3	0	0	8	33	18	16	122	1100	1180	901	181
800	40.823799	111.648003	84	2186	151	4856	48	2	11	1	15	1	4	4	5	0	3	0	0	1	3	1	2	11	61	29	653	694	870	1008	802	829
997	40.802799	111.686996	188	3582	298	14724	48	4	17	0	12	1	1	4	11	1	6	0	0	1	8	2	1	19	65	33	3578	1904	2966	3056	2330	890
1001	40.808998	111.681	173	4984	344	26939	64	10	7	2	11	3	3	7	9	5	5	0	1	5	13	1	1	29	88	30	7276	2235	5155	4758	5219	2296
1230	40.8386	111.676003	92	1961	141	5425	63	4	9	1	16	1	3	2	3	3	1	1	0	4	1	0	0	7	75	30	593	319	1197	1186	1976	154
832	40.8069	111.667999	113	2044	146	4026	30	11	8	12	6	1	3	2	4	1	3	2	0	5	5	1	1	16	42	37	287	467	1538	845	866	23
695	40.807598	111.650002	97	2879	192	8183	42	5	9	0	7	0	10	5	3	2	3	1	0	2	3	1	0	9	63	21	1603	312	807	1437	2103	1921
1380	40.8311	111.704002	101	2649	233	6571	60	15	8	1	23	2	5	5	5	9	0	0	1	10	7	0	3	23	84	47	942	716	1212	1663	1745	293
1172	40.8186	111.688004	72	1734	172	4439	78	12	7	3	29	1	8	2	12	6	1	1	1	6	7	1	5	22	107	51	218	275	654	877	1257	1158
1192	40.837002	111.672997	114	3579	187	9678	60	9	12	1	12	1	3	4	3	3	6	1	0	4	4	0	0	15	74	34	1182	1580	2703	1806	2072	335
1221	40.815498	111.697998	164	1772	190	5502	78	19	11	0	22	1	6	2	20	10	0	0	0	7	9	0	0	17	116	52	1647	62	1021	1099	1232	441
1238	40.8414	111.675003	61	4119	220	12237	57	4	8	1	13	1	3	4	5	7	1	1	0	7	4	0	1	14	77	26	2208	856	2271	1828	1698	3376
1278	40.827999	111.692001	107	2897	180	8050	71	13	11	3	28	6	7	3	6	4	2	1	1	6	13	3	3	34	92	55	1271	421	1034	1622	1124	2578
1132	40.8172	111.685997	97	1584	182	4711	48	12	7	1	19	1	4	2	4	1	2	1	1	2	4	1	4	15	60	39	64	659	1111	1004	1409	464
731	40.809799	111.653999	86	1831	133	4303	105	8	17	0	13	4	7	7	10	5	3	1	0	5	6	0	0	18	135	38	527	769	1032	702	810	463
1295	40.827301	111.695	71	2745	175	8747	64	11	11	1	24	5	4	5	3	5	1	0	1	6	9	3	3	28	81	47	35	195	3502	2074	2736	205
1277	40.820702	111.698997	76	3082	196	6880	43	7	8	2	20	4	8	5	8	7	1	1	0	7	6	0	2	20	72	37	341	937	1698	1099	1570	1235
1355	40.831699	111.698997	95	3626	184	8504	21	7	14	0	14	2	6	6	3	3	3	0	0	2	7	1	4	19	39	35	817	750	961	1854	1799	2323
1337	40.8237	111.704002	81	869	105	1923	68	8	9	3	19	3	8	3	4	7	2	1	0	9	7	3	2	26	91	39	0	7	590	727	547	52
1327	40.820999	111.706001	74	1791	145	7396	70	10	7	4	15	1	8	4	7	8	2	0	0	11	5	3	1	23	97	36	0	0	853	1347	3743	1453
1342	40.828602	111.699997	97	2743	177	7240	35	5	12	0	14	2	4	5	2	4	1	0	0	3	11	1	3	21	50	31	738	216	868	2191	2491	736
963	40.824299	111.663002	46	1171	127	3267	73	15	12	0	32	3	4	3	6	5	3	1	0	5	9	0	1	21	92	59	251	6	607	191	168	2044
796	40.8046	111.667	64	786	120	1899	41	10	6	11	11	2	4	3	10	1	4	0	0	4	4	1	1	16	59	38	48	50	935	385	469	12
1329	40.837002	111.690002	55	522	110	1235	36	6	21	0	16	1	1	11	7	2	4	0	1	2	3	3	1	15	57	43	0	0	278	463	493	1
1343	40.828701	111.699997	68	2421	164	6177	35	5	12	0	14	2	4	5	2	4	1	0	0	3	11	1	3	21	50	31	1620	799	1064	641	1158	895
1008	40.808601	111.681999	79	3718	227	13228	61	9	9	1	10	2	3	5	7	4	4	0	0	3	12	1	1	23	80	29	2690	2346	2857	2712	1607	1016
1160	40.813499	111.692001	135	1449	179	3476	47	9	14	0	18	2	9	3	16	4	0	1	0	3	6	0	1	12	80	41	295	340	469	702	825	845
1268	40.810902	111.708	61	2513	147	6008	37	5	3	2	9	1	1	2	6	2	0	0	0	4	6	2	1	14	48	19	1806	15	472	585	2045	1085
768	40.794701	111.674004	51	1331	126	3618	33	3	13	1	20	0	3	2	5	2	5	0	1	2	2	2	0	12	45	37	569	486	649	510	1113	291
996	40.808701	111.681	125	1313	137	4213	64	9	7	1	10	3	3	7	9	4	5	0	1	3	13	2	1	28	87	27	1306	1327	221	842	373	144
866	40.801601	111.676003	40	1614	141	4277	68	4	12	0	12	1	3	2	6	6	2	1	0	5	10	0	2	20	86	28	157	624	1551	1033	785	127
726	40.808498	111.654999	85	1902	119	3723	72	9	18	0	13	2	5	4	7	5	4	1	0	4	7	0	0	17	94	40	875	794	1090	177	183	604
1491	40.835999	111.728996	42	1169	129	4233	29	2	8	1	8	1	3	3	8	6	1	0	0	2	4	3	1	12	49	19	1113	71	1279	805	944	21
1286	40.820999	111.699997	60	1100	155	3493	38	9	7	2	18	4	8	5	6	7	2	1	0	7	5	1	2	21	65	36	122	93	774	1005	821	678
1215	40.82	111.693001	39	910	98	1451	67	7	10	2	28	1	7	6	19	8	1	2	1	8	8	1	1	21	109	47	60	64	479	331	321	196
1009	40.814602	111.676003	51	826	99	1926	67	7	19	2	14	1	4	3	20	7	2	1	0	5	14	0	2	24	102	42	116	64	394	500	352	500
1105	40.814899	111.685997	40	794	116	2046	31	6	4	1	15	2	4	1	3	3	1	1	0	4	7	1	4	19	43	26	114	24	1028	570	219	91
816	40.805599	111.667999	29	771	80	1722	36	12	6	12	6	2	4	2	6	2	3	1	0	6	5	1	1	18	51	36	153	139	289	337	658	146
1383	40.833401	111.702003	45	1123	106	2179	31	10	10	1	18	1	6	6	6	7	4	0	1	6	5	1	4	22	56	39	589	307	376	417	445	45
1386	40.833199	111.703003	44	1891	104	5465	43	14	10	1	19	1	6	5	6	7	3	0	1	8	6	1	4	24	67	44	2522	1675	341	334	155	438
1038	40.8283	111.665001	32	1189	77	1913	62	5	18	0	39	1	3	6	4	2	4	1	1	3	11	0	3	23	78	62	318	292	478	317	413	95
752	40.809399	111.656998	18	526	86	1679	109	8	20	1	21	2	3	4	13	4	3	1	0	4	6	0	0	15	134	50	100	109	394	433	472	171
1511	40.837101	111.732002	43	1267	75	1869	36	5	5	1	5	3	3	1	5	5	1	0	0	1	0	3	1	9	50	16	161	167	447	502	275	317
1191	40.8288	111.681	35	637	110	1573	73	11	15	1	17	3	9	11	12	5	8	2	1	8	12	2	3	37	112	44	0	3	676	559	302	33
1166	40.841301	111.665001	51	766	118	1823	21	6	6	2	5	2	10	2	5	3	1	1	0	2	2	0	0	7	42	19	98	213	192	520	508	292
1092	40.832901	111.667	30	1163	82	1909	31	3	11	0	13	1	2	4	3	1	5	0	0	1	7	0	2	16	41	27	244	366	399	284	554	62
1050	40.825699	111.668999	40	589	77	1376	63	15	13	0	33	4	2	5	2	3	4	2	0	4	17	0	3	32	77	61	29	34	435	370	450	58
1080	40.816799	111.681	40	1782	120	3130	54	13	7	2	26	1	5	2	7	4	2	0	0	5	11	0	3	22	72	48	544	809	697	347	426	307
1392	40.8321	111.705002	26	588	91	1403	58	14	8	1	25	1	5	5	5	7	0	0	2	8	6	1	1	19	80	48	56	17	421	301	532	76
1208	40.812099	111.699997	42	549	105	1630	65	12	12	0	15	2	6	3	8	6	0	0	0	5	6	0	1	14	88	39	22	17	615	681	254	41
1231	40.833099	111.681999	23	1027	64	2648	36	6	12	0	10	0	1	14	10	1	16	1	0	1	2	2	0	21	63	28	0	0	752	1007	889	0
801	40.801899	111.669998	20	285	60	883	66	8	10	5	15	2	7	3	8	5	5	0	0	4	7	1	1	20	89	38	0	31	217	216	398	21
746	40.809898	111.655899	24	332	41	595	114	8	22	1	19	4	8	6	12	4	4	1	0	5	6	0	0	19	145	50	0	0	132	223	234	6
933	40.820599	111.664001	8	453	95	1365	110	21	7	1	35	6	4	3	6	6	3	2	1	7	11	0	1	29	131	64	0	0	634	411	288	32
1301	40.811199	111.711998	19	512	21	606	38	4	5	2	12	1	1	0	2	4	5	0	0	5	5	2	0	18	45	23	87	121	151	90	96	61
818	40.824799	111.649002	24	501	47	894	60	2	11	0	18	3	5	4	7	0	3	0	0	0	3	1	2	12	76	31	133	150	324	52	61	174
793	40.7994	111.671997	18	395	59	975	46	5	16	0	21	0	5	3	8	6	5	0	1	5	5	2	0	18	68	42	85	88	507	201	94	0
910	40.826302	111.655998	7	43	20	184	65	5	10	0	25	2	7	3	10	2	3	0	1	3	12	1	2	24	87	40	0	4	102	34	40	4
1211	40.829601	111.682999	17	252	66	780	50	8	12	0	18	2	6	8	12	5	10	1	0	5	14	3	2	36	82	38	5	0	228	374	165	8
1306	40.8386	111.684998	13	2801	56	5852	30	6	11	0	15	1	2	8	6	2	3	0	0	1	1	3	1	10	48	32	1538	877	1291	989	802	355
795	40.802502	111.668999	10	113	32	286	63	8	8	7	15	2	6	4	8	3	5	0	0	5	8	1	1	22	84	38	5	21	76	80	104	0
990	40.802299	111.686996	17	248	57	567	49	5	18	0	12	1	1	5	11	1	7	0	0	2	8	1	1	20	67	35	90	138	117	65	97	60
720	40.7948	111.667	10	97	30	235	50	4	19	0	26	0	7	7	8	4	6	0	0	3	3	1	1	14	76	49	0	0	210	13	12	0
1036	40.823898	111.668999	6	41	16	126	72	18	9	0	36	3	3	2	1	3	4	1	1	4	13	0	2	27	82	63	12	0	82	2	30	0
977	40.829399	111.658997	8	41	20	78	44	3	9	0	28	3	4	3	5	1	2	0	1	3	9	1	2	21	57	40	15	15	29	18	0	1
938	40.820702	111.664001	8	170	46	552	107	21	7	1	35	6	4	3	6	6	3	2	1	7	11	0	1	29	128	64	15	30	315	23	131	38
1376	40.823799	111.709999	6	62	38	183	99	11	10	5	20	2	9	5	8	9	2	1	0	12	6	3	1	26	131	46	1	2	94	42	44	0
1340	40.835815	111.692322	1	5	1	5	15	1	22	0	9	2	0	8	6	1	4	0	1	0	2	2	2	13	30	32	0	0	4	1	0	0
1391	40.8251	111.711998	3	31	11	44	89	12	12	3	22	1	7	5	7	8	1	1	0	11	4	2	0	19	117	49	9	0	1	6	28	0
1393	40.825199	111.711998	1	2	2	4	88	12	12	3	22	1	7	5	7	8	1	1	0	11	4	2	0	19	116	49	1	3	0	0	0	0
