平均值	2.3643302072702308E-4	2.0169243308194466E-4	2.9691022331301457E-4	1.046365399406087E-4	2.7746476207986904E-4	2.66964712414325E-4	3.905187428744382E-4	3.42657706959988E-4	2.9180004898461697E-4	1.7645365507872816E-4	6.640314010747141E-4	1.6475766273628493E-4	7.468001530245402E-5	1.7548525687558728E-4	2.3846105258697238E-4	7.380896157022876E-4	9.265812993796583E-5
SiteId	Latitude	Longitude	UserCount	MinuteCount	URICount	TotalCount	美食	休闲娱乐	购物	结婚	宾馆酒店	旅游景点	教育培育	生活服务	医疗服务	丽人	汽车服务	运动健身	商务服务	机构	金融银行	楼宇小区	交通出行	工作区	生活区	商业区
1047	40.801399	111.693001	6996	8641	896	448614	23	3	7	0	9	0	3	0	5	0	0	0	0	0	2	0	0	2	31	19	24251	36110	161243	90966	116403	19641
1043	40.803001	111.691002	6117	8648	867	371944	34	4	11	1	12	0	2	3	4	1	5	0	0	2	2	0	0	9	44	28	44424	37998	110579	79314	82896	16733
614	40.776901	111.657997	5073	8728	834	150503	0	0	0	0	0	0	1	1	1	0	1	0	0	0	0	0	0	1	3	0	11530	18735	33507	26593	33351	26787
1512	40.8357	111.73394	5095	8485	813	131494	29	5	1	0	4	3	3	1	4	4	1	0	0	1	0	3	1	9	41	10	15489	20392	29595	22974	35002	8042
915	40.84053	111.642311	4951	8793	862	191281	1	0	1	0	0	0	4	0	3	0	0	0	0	0	0	2	0	2	8	1	15269	22102	39856	32933	44782	36339
901	40.832152	111.649285	5224	8164	729	82160	5	0	6	0	6	1	1	0	3	0	3	0	0	0	4	0	2	10	9	12	11559	12649	18777	14191	19957	5027
684	40.807098	111.648003	5085	8790	819	178129	25	1	3	0	3	0	8	3	3	1	2	1	0	1	0	1	0	4	41	7	18737	21112	32513	33025	36028	36714
1545	40.837	111.746013	4226	8492	830	200884	6	3	4	0	1	2	0	1	0	0	4	0	0	0	2	0	1	9	7	8	14124	22594	61302	44907	51102	6855
1668	40.8983	111.838997	5244	8308	903	262324	1	0	0	0	0	0	0	0	0	0	0	0	0	0	0	0	0	0	1	0	5274	5834	106766	48282	61946	34222
763	40.819801	111.648003	4615	8654	764	133116	19	3	3	1	5	1	3	3	1	1	1	0	0	1	2	1	0	6	27	12	9630	12862	31524	29156	29515	20429
1019	40.859249	111.632004	4492	8604	834	182107	0	0	0	0	0	0	0	0	0	0	1	0	0	0	0	0	0	1	0	0	16570	16656	33503	34638	39237	41503
605	40.766102	111.667	4017	8787	856	188031	2	0	0	0	0	0	0	0	0	0	0	0	0	0	0	0	0	0	2	0	15496	22861	40129	31641	37713	40191
599	40.7915	111.639999	3618	8550	813	133741	8	0	6	0	2	0	2	1	2	0	3	0	0	1	0	1	0	5	13	8	16705	23694	28022	21774	34339	9207
633	40.803101	111.637001	3503	8613	821	198408	13	2	8	0	5	0	2	4	7	1	5	0	0	0	3	1	0	9	27	15	31347	36080	43288	34030	41637	12026
677	40.8032	111.649002	3853	8394	746	123807	31	8	3	0	6	0	6	4	2	3	5	0	0	2	1	3	0	11	46	17	14438	17560	29117	26878	30121	5693
1188	40.808102	111.700996	4610	8544	793	168522	21	2	3	0	5	1	6	2	9	3	0	0	0	3	4	0	1	9	41	10	20052	21663	41180	33060	43082	9485
553	40.775799	111.635002	3434	8784	853	162947	0	0	0	0	0	0	0	0	0	0	0	0	0	0	0	2	0	2	0	0	17258	21293	24496	24179	31544	44177
690	40.816299	111.639999	4526	8751	782	148913	12	2	5	0	8	2	3	0	4	1	0	0	1	0	2	1	0	6	20	15	15012	15261	23629	27733	36023	31255
631	40.788502	111.651001	3756	8518	814	136564	2	1	1	0	2	1	1	0	0	0	1	0	0	0	0	1	0	3	3	4	14409	23218	31671	26801	32738	7727
935	40.76997	111.714699	3189	8842	846	231262	0	0	0	0	0	0	0	0	0	0	0	0	0	0	0	1	0	1	0	0	23642	26656	43142	39870	47090	50862
548	40.793701	111.614998	2793	8462	814	132674	4	0	2	1	2	0	1	0	0	0	0	0	0	1	0	0	0	1	5	5	13259	22596	31355	26512	31444	7508
1496	40.8755	111.690002	2689	8748	877	187219	0	0	0	0	0	0	0	0	0	0	1	0	0	0	0	0	0	1	0	0	12534	23626	42024	33739	37060	38236
808	40.852059	111.620455	3956	8757	870	316046	0	0	0	0	2	0	0	0	0	0	0	0	0	0	0	0	0	0	0	2	8708	18543	110795	57107	83309	37584
1263	40.8466	111.671997	4051	8827	834	279832	25	3	0	0	12	1	3	0	2	1	0	0	0	1	3	0	1	6	31	15	33992	23043	62071	48175	58729	53822
698	40.808899	111.649002	4259	8538	781	120713	27	3	7	0	4	0	7	7	3	1	2	1	0	2	0	1	0	5	46	14	10196	9058	22597	28762	30753	19347
1669	40.9016	111.837997	4242	8841	902	335664	0	0	0	0	1	0	0	0	0	0	0	0	0	0	0	0	0	0	0	1	20221	22957	104641	62197	71396	54252
436	40.493649	111.787767	3477	8856	903	381949	2	0	0	0	0	0	1	0	0	0	0	0	0	0	0	0	0	0	3	0	29575	23308	90284	80109	79431	79242
1671	40.896702	111.845001	4328	8787	869	269989	0	0	0	0	0	0	1	0	0	0	0	0	0	0	0	0	0	0	1	0	19131	27969	70288	51859	51571	49171
1039	40.854191	111.639308	3984	6947	664	53083	0	0	0	0	0	0	0	0	0	0	0	0	0	0	0	1	0	1	0	0	2448	4978	13041	11210	13573	7833
460	40.785702	111.537003	3179	8487	830	170467	0	0	0	0	0	0	0	0	0	0	0	0	0	0	0	2	0	2	0	0	13860	24315	53527	32234	38835	7696
1134	40.857201	111.646004	3189	8619	769	120336	0	0	1	0	2	0	0	0	0	0	3	0	0	0	0	2	0	5	0	3	15366	13790	19341	19673	25225	26941
1435	40.86388	111.683207	3356	8662	801	122976	2	1	0	0	1	0	0	1	0	0	0	0	0	0	0	0	0	0	3	2	8024	15973	23729	24074	26790	24386
862	40.829399	111.648003	3996	8159	691	98114	6	0	2	0	5	1	1	1	3	0	1	0	0	0	2	0	1	5	11	7	9145	10271	27905	20576	25129	5088
530	40.809662	111.581764	3368	8041	744	90955	0	0	2	0	0	0	0	0	1	0	1	0	0	0	0	0	0	1	1	2	5352	10917	28363	19917	22933	3473
873	40.851101	111.626999	3905	8788	814	173535	2	0	0	0	2	0	4	0	0	0	1	0	0	0	0	0	0	1	6	2	17765	16857	31904	29895	44625	32489
1699	40.9016	111.849998	4042	8705	843	237290	0	0	0	0	1	0	1	0	0	0	0	0	0	0	0	0	0	0	1	1	13015	12553	64372	47911	53497	45942
464	40.783798	111.544998	2882	7975	855	250277	0	0	0	0	0	0	0	0	0	0	0	0	0	0	0	3	0	3	0	0	8624	14264	96187	55369	70324	5509
1688	40.906799	111.841003	3387	8813	871	275422	0	0	0	0	1	0	0	0	0	0	0	0	0	0	0	0	0	0	0	1	21617	20005	47944	53752	57600	74504
1444	40.872398	111.679001	1924	8142	852	179523	1	0	0	0	0	0	0	0	0	0	0	0	0	0	0	0	0	0	1	0	17566	22072	31208	24999	34289	49389
1003	40.7971	111.693001	3607	8312	779	138661	19	1	2	0	3	0	0	1	6	2	9	0	0	2	3	0	0	14	28	6	12620	12330	42290	26536	36682	8203
1243	40.843899	111.672997	3893	8527	800	212074	35	4	1	0	13	1	4	2	7	4	0	0	0	3	4	0	1	9	52	18	12267	15527	62314	47135	51432	23399
1456	40.866402	111.689003	2890	8716	797	133420	0	0	1	0	0	0	0	1	0	0	2	0	0	0	2	1	0	5	1	1	8995	14908	25891	25461	28291	29874
1318	40.85765	111.66798	2861	8789	810	194647	11	4	0	1	2	0	0	1	2	1	1	0	0	1	1	1	0	4	15	7	23437	21629	32204	33729	35200	48448
1242	40.802799	111.713997	2919	8590	808	244852	14	2	2	0	5	1	0	1	0	0	1	0	0	0	1	0	0	3	15	9	53068	43290	52424	45813	37928	12329
1459	40.83415	111.721478	3867	7819	747	87582	35	4	6	0	12	0	3	2	6	3	2	0	0	1	6	1	0	10	49	22	6758	10009	22493	16823	25684	5815
1390	40.806999	111.730003	2346	8757	822	190770	2	0	0	0	0	1	1	0	0	0	0	0	0	0	0	1	0	2	3	0	10433	19098	48787	39256	43650	29546
1010	40.838699	111.652069	3045	8849	899	307447	9	3	5	0	5	3	5	0	3	0	4	0	0	0	2	0	0	9	17	13	23322	32563	65993	59042	61550	64977
699	40.779457	111.678472	3071	8527	795	107696	2	0	0	0	1	0	0	0	0	0	1	0	0	0	0	1	0	2	2	1	8451	12773	20931	16250	21419	27872
674	40.805199	111.646004	2758	8791	878	265741	21	4	4	0	4	0	7	3	4	0	3	0	0	0	3	2	0	8	35	12	18871	23694	58875	56368	56455	51478
601	40.794863	111.636652	2390	8506	764	119018	10	0	5	0	3	0	0	1	1	0	3	0	0	0	0	0	0	3	12	8	20883	23487	23388	20487	23854	6919
1546	40.844153	111.739368	2387	8255	750	92661	2	0	3	0	5	1	1	0	0	1	2	0	0	1	0	0	1	5	4	8	7727	13356	23473	20851	21690	5564
982	40.838581	111.650002	3471	8671	871	221562	8	3	6	0	4	2	6	0	3	0	4	0	0	0	3	1	0	10	17	13	9980	16389	63742	39119	47326	45006
791	40.823482	111.647603	3334	8303	640	79498	33	1	8	1	13	1	2	4	3	0	2	0	0	1	1	1	2	8	42	23	6502	8624	14785	17682	17990	13915
1450	40.820801	111.733002	2657	8700	701	102744	10	0	2	1	5	0	0	2	3	0	3	0	0	1	0	1	0	5	15	8	12539	13339	19840	18841	18910	19275
626	40.764198	111.674004	2676	7601	835	199714	2	0	0	0	0	0	0	0	0	0	0	0	0	0	0	0	0	0	2	0	25496	16181	32961	45719	41494	37863
783	40.7854	111.684998	3078	8362	708	82951	3	0	1	0	2	0	0	2	1	0	1	0	0	0	0	1	0	2	6	3	6798	8009	15390	12320	19227	21207
1442	40.8428	111.708	2743	8689	739	108298	4	1	4	0	4	0	1	4	1	0	1	0	0	0	0	1	0	2	10	9	10081	12238	21542	19599	21604	23234
1369	40.798401	111.734001	2177	8760	811	144947	2	0	1	0	0	0	0	1	1	0	1	0	0	0	0	0	0	1	4	1	12117	17581	28194	25710	29997	31348
558	40.7794	111.635002	2144	8782	813	168619	0	0	1	0	1	0	0	0	1	0	0	0	0	0	0	2	0	2	1	2	17579	25459	21925	21893	33639	48124
477	40.7901	111.551003	2755	8603	827	195304	0	0	0	0	0	0	1	0	0	0	0	0	0	0	0	1	0	1	1	0	27577	29560	41702	36869	44713	14883
993	40.835602	111.653999	2975	7990	734	77488	3	4	5	0	2	3	1	0	0	0	2	0	0	0	0	0	0	5	4	11	10739	8709	16414	15765	19598	6263
1055	40.8363	111.658997	2812	8397	794	133477	7	2	3	1	4	2	2	2	1	1	2	0	0	0	2	0	0	6	13	10	11195	12356	42585	25895	34546	6900
410	40.47625	111.783302	2475	8494	806	113161	0	0	1	0	1	0	0	0	0	0	0	0	0	0	1	0	0	1	0	2	7666	10000	28848	26065	25655	14927
254	40.726799	111.168999	1958	8265	762	92039	1	0	0	0	0	0	0	0	0	0	0	0	0	0	0	1	0	1	1	0	5218	10641	18530	19774	17874	20002
1281	40.8628	111.6576883	2626	8287	742	89657	1	0	1	0	1	0	0	1	0	0	1	0	0	1	0	1	0	3	2	2	4851	8775	17866	17149	19486	21530
1676	40.902401	111.842003	3474	8400	834	191231	0	0	0	0	1	0	0	0	0	0	0	0	0	0	0	0	0	0	0	1	11485	10807	58863	34445	38391	37240
1300	40.8391	111.683998	2876	8406	710	95503	29	2	7	0	12	0	2	6	2	1	2	0	0	1	0	2	0	5	40	21	17263	14390	18036	17565	21446	6803
62	40.270046	111.208366	1431	8729	784	151631	4	0	0	0	1	0	0	0	0	0	1	0	0	0	0	0	0	1	4	1	9183	16900	23854	32316	33349	36029
1309	40.847198	111.677002	2964	8639	786	171196	16	3	2	1	6	2	2	3	6	4	2	0	0	3	3	0	0	10	31	12	13568	13997	41059	30887	38112	33573
606	40.819199	111.613998	2180	8332	722	90161	4	0	6	0	1	0	0	0	0	0	15	0	0	0	0	0	0	15	4	7	9857	12808	23028	19038	20661	4769
568	40.817101	111.601997	2006	8422	751	141221	1	0	0	0	0	0	0	0	0	0	5	0	0	0	0	1	0	6	1	0	10319	15343	42339	32701	33960	6559
1554	40.892799	111.693001	1715	8704	828	188503	0	0	0	0	0	0	1	0	0	0	0	0	0	0	0	0	0	0	1	0	12650	17279	51715	32328	37170	37361
1235	40.809101	111.707001	2908	8208	730	165895	30	3	2	2	6	1	1	2	6	1	0	0	0	4	3	1	1	10	40	13	19270	14874	52972	34881	39405	4493
536	40.812843	111.582795	2531	8008	683	68265	0	0	1	0	0	0	0	0	1	0	1	0	0	0	0	0	0	1	1	1	5748	8574	17033	16375	17062	3473
540	40.7971	111.605003	1890	8745	789	142282	2	0	1	0	0	0	1	1	0	0	1	0	0	0	0	0	0	1	4	1	16713	20269	23693	21460	26644	33503
54	40.276539	111.191353	1582	8285	760	96701	4	0	0	0	4	0	2	0	0	0	0	0	0	0	1	0	0	1	6	4	4507	8735	16362	23313	19984	23800
663	40.814419	111.634003	2531	8235	824	223630	16	1	10	0	7	1	4	5	4	0	4	0	0	1	3	0	0	9	29	18	24804	27007	55609	38259	39290	38661
582	40.795399	111.628998	2127	8301	759	131510	3	0	4	0	0	0	0	2	2	0	1	0	0	0	0	2	0	3	7	4	11796	18469	38116	24674	32894	5561
1405	40.815201	111.724998	2023	8737	750	129969	29	2	2	0	5	2	4	0	3	1	2	0	0	1	2	2	0	9	37	9	13148	12668	19977	24605	25503	34068
1452	40.830299	111.723999	2049	8560	816	180895	38	4	4	0	7	0	5	2	5	1	3	0	0	1	7	0	0	11	51	15	23641	23322	50370	35460	37408	10694
1573	40.875999	111.721001	1701	8674	796	124481	0	0	0	0	0	0	0	0	1	0	0	0	0	0	0	0	0	0	1	0	9205	16580	21554	22036	25090	30016
355	40.371899	111.803001	1409	8537	746	104697	1	0	0	0	0	0	0	0	0	0	0	0	0	0	0	0	0	0	1	0	6976	12246	18984	21869	20989	23633
577	40.807598	111.614998	2165	8340	724	103941	2	0	2	0	2	0	2	2	2	0	1	0	0	0	0	3	0	4	8	4	15411	20112	23242	16756	20205	8215
691	40.8125	111.643997	2470	8718	786	128736	10	6	2	1	6	2	2	2	2	2	0	0	1	3	0	1	0	7	18	15	17044	10824	17955	26418	23547	32948
658	40.796001	111.650002	2436	8041	677	74113	15	4	12	0	10	0	1	4	3	0	6	0	0	1	1	0	0	8	23	26	6209	9581	17070	17161	19263	4829
669	40.783501	111.667	2141	8763	764	136844	4	0	1	0	2	1	1	0	1	0	1	0	0	0	0	0	0	2	6	3	17960	18920	21206	20863	21627	36268
419	40.490955	111.780132	2719	8543	851	213082	1	0	0	0	0	0	0	0	0	0	0	0	0	0	0	0	0	0	1	0	15984	16310	65266	40702	44729	30091
1636	40.859299	111.821999	1807	8224	684	85338	2	0	0	0	2	0	0	0	0	0	1	0	0	0	1	0	0	2	2	2	10749	12458	21574	17434	19103	4020
1695	40.898201	111.851997	3054	8797	795	193648	0	0	0	0	0	0	2	0	0	0	0	0	0	0	0	0	0	0	2	0	18312	21981	41497	35834	36377	39647
1222	40.851693	111.661987	2518	8228	686	84308	5	4	0	0	0	0	0	0	0	1	1	2	0	1	0	2	1	5	8	4	8854	9641	13847	14580	16944	20442
1526	40.819901	111.753998	1866	8495	773	101378	0	1	0	0	0	0	0	0	0	0	0	0	0	0	0	1	0	1	0	1	6750	9266	21599	22673	20910	20180
1700	40.901699	111.849998	3136	8548	765	160006	0	0	0	0	1	0	1	0	0	0	0	0	0	0	0	0	0	0	1	1	14206	18326	35655	28955	33272	29592
482	40.797401	111.546997	1710	8329	698	90183	1	0	0	0	0	0	0	0	0	0	0	0	0	0	0	1	0	1	1	0	11745	18035	18613	16159	20190	5441
228	40.7159	111.126999	1618	8438	726	98380	6	1	3	0	0	1	1	0	0	0	0	0	0	0	1	0	0	2	7	4	5842	11268	17482	20154	20304	23330
662	40.800301	111.648003	2225	7375	617	57317	23	4	6	0	3	0	2	3	2	1	6	0	0	0	0	2	0	8	31	13	3682	5994	15753	12184	17251	2453
644	40.8116	111.630997	2424	8463	738	107777	13	1	8	0	8	1	4	5	4	0	6	0	0	2	2	0	0	11	26	17	16637	15107	26869	19926	22775	6463
1175	40.803001	111.704002	2649	8319	723	153541	18	0	6	0	12	0	2	1	3	1	1	1	0	0	5	0	0	6	26	18	37514	25329	31747	28098	21742	9111
231	40.718601	111.127998	1762	8365	749	85666	10	1	4	0	3	1	2	3	2	1	0	0	0	1	0	1	0	3	18	8	5247	7496	16848	18082	20350	17643
603	40.757599	111.674004	2379	8841	833	329732	0	0	0	0	0	0	2	0	0	0	0	0	0	0	0	0	0	0	2	0	39532	29365	58974	66835	67226	67800
1466	40.841499	111.716003	2120	6430	714	82654	17	3	2	0	2	0	1	3	1	0	5	1	0	0	0	1	0	6	23	7	8890	9969	19438	19962	19747	4648
1691	40.897999	111.850998	2542	8681	832	226008	0	0	0	0	0	0	1	0	0	0	0	0	0	0	0	0	0	0	1	0	22862	24041	40803	39529	44481	54292
1237	40.8391	111.677162	2906	7610	603	69536	41	2	7	0	12	1	3	3	6	5	2	0	0	5	1	0	0	9	58	21	5002	6703	20456	16408	18806	2161
1144	40.801102	111.703003	2814	7699	719	89019	26	2	7	0	14	0	0	2	6	2	1	1	0	1	10	0	0	12	37	23	7728	8569	26963	17393	23405	4961
1401	41.091301	111.447998	1259	8126	725	91539	0	0	0	0	0	0	1	0	0	0	1	0	0	1	2	0	0	4	1	0	7361	13637	24510	18394	22489	5148
947	40.784199	111.700996	1938	8710	743	131542	11	0	1	0	6	0	1	0	1	2	1	0	0	1	0	2	0	4	15	7	11066	14150	29291	29220	28336	19479
751	40.790298	111.676003	1870	8416	671	99167	12	1	5	1	8	0	1	2	3	1	5	0	0	2	2	3	0	12	19	15	18529	19820	19250	17636	17557	6375
634	40.783669	111.656609	2406	8149	767	94029	4	3	2	0	4	1	1	0	0	0	1	0	0	0	1	1	0	4	5	9	9218	13147	26040	18815	22635	4174
1196	40.849602	111.661003	2438	8269	664	72379	2	4	0	0	0	0	0	0	0	0	1	1	0	0	0	1	1	3	3	4	7077	9469	12136	12320	13776	17601
1432	40.8377	111.709	2131	8154	667	61706	12	1	1	0	6	0	0	1	3	4	2	0	1	3	0	3	0	9	20	8	7897	11361	11650	11358	14421	5019
1431	40.820305	111.726362	2022	8454	620	75343	5	1	1	0	7	1	1	2	4	0	4	0	0	0	0	2	0	7	12	9	6930	7064	14795	13470	17512	15572
903	40.778702	111.703003	2349	7842	616	69020	3	0	0	0	0	1	0	0	0	2	0	0	0	1	0	1	0	3	5	0	5822	5957	14720	13806	15780	12935
1440	40.825901	111.723999	2188	8255	690	77943	12	2	3	0	6	2	6	2	1	1	2	0	1	1	3	0	0	9	22	11	11554	12518	17039	14237	16790	5805
221	40.718601	111.114998	1848	8101	798	132852	0	0	1	0	0	0	1	0	0	0	1	0	0	0	0	0	0	1	1	1	3987	11328	28004	28201	31363	29969
779	40.832802	111.637001	2103	8222	678	87360	3	0	0	0	0	0	0	1	0	0	3	0	0	0	0	0	0	3	4	0	13599	13777	16567	16456	21669	5292
574	40.769001	111.652	1832	8629	817	120902	0	0	0	0	0	0	0	0	1	0	0	0	0	0	0	0	0	0	1	0	8695	12582	22642	19649	23112	34222
639	40.791199	111.650002	1919	8035	646	72676	9	1	4	0	6	1	1	4	3	0	4	0	0	2	0	1	0	8	17	11	7552	9827	19427	16033	16690	3147
685	40.819599	111.636002	1924	8772	800	193968	5	1	2	0	0	0	1	0	5	2	1	0	0	2	0	0	0	3	13	3	12476	17186	47713	38610	41083	36900
514	40.7714	111.605003	1825	8488	686	109215	0	0	2	0	0	0	0	0	0	0	3	0	0	0	0	0	0	3	0	2	8315	14699	17921	16846	19740	31694
1212	40.834702	111.678001	2499	7932	676	68962	52	3	9	0	13	0	2	2	4	1	12	0	0	2	1	1	0	16	61	25	5700	8959	16515	15501	19086	3201
1137	40.841499	111.662003	1804	8764	777	139625	12	4	4	2	5	1	7	3	4	2	1	0	0	1	0	0	0	3	28	15	15925	18732	20608	23227	26205	34928
1366	40.869461	111.66223	1619	8731	779	130566	4	0	0	0	1	0	0	0	0	0	0	0	0	0	0	0	0	0	4	1	15649	21751	22474	20454	21641	28597
1434	40.832001	111.714996	2902	6007	549	35870	18	2	5	0	13	0	3	3	0	0	4	0	1	0	2	2	0	9	24	20	1237	3730	9858	8556	11174	1315
640	40.824211	111.617012	2115	7849	613	59223	10	0	14	1	1	0	0	2	1	0	19	0	0	1	0	0	0	20	13	16	7005	9536	13549	11202	14194	3737
1461	40.851002	111.706001	1759	8644	742	115960	2	0	2	0	2	0	0	2	0	0	0	0	0	0	0	1	0	1	4	4	9527	15724	19494	18621	22865	29729
1416	40.805012	111.737558	1898	8662	763	107522	3	0	0	0	0	0	0	0	0	0	2	0	0	0	0	2	0	4	3	0	10925	13366	17848	18438	21322	25623
657	40.819	111.626999	1891	8372	764	84001	8	1	32	0	5	0	1	11	1	1	4	0	0	1	0	0	0	5	22	38	10821	14873	15939	15076	19632	7660
225	40.721901	111.115997	1696	8070	694	76795	0	1	1	0	0	0	1	0	0	0	1	0	0	0	0	0	0	1	1	2	4392	7526	10466	16314	15355	22742
1365	40.847599	111.683998	2294	8324	758	98982	12	4	4	1	5	2	3	1	3	2	3	0	0	4	2	0	0	11	21	14	10092	8705	16838	19562	19344	24441
563	40.791401	111.625999	1477	8473	767	99754	0	0	3	0	0	0	2	1	3	0	0	0	0	0	0	2	0	2	6	3	15066	17545	20189	16935	21054	8965
650	40.828426	111.615776	1681	8079	672	66297	9	0	6	0	0	0	0	2	2	0	4	0	0	0	0	0	0	4	13	6	8555	9812	15551	12354	16591	3434
238	40.713799	111.138	1460	8004	738	80053	8	0	2	0	4	0	1	1	2	1	0	0	0	1	1	0	0	2	13	6	4313	7534	10048	18485	15438	24235
571	40.785198	111.635002	1669	8421	705	98765	0	0	2	0	0	0	0	1	1	0	1	0	0	0	0	0	0	1	2	2	13370	21552	17559	19024	21438	5822
565	40.759602	111.658997	2341	7485	792	116118	1	0	0	0	0	0	0	0	0	0	0	0	0	0	0	0	0	0	1	0	12844	16767	36824	14218	16740	18725
1445	40.834783	111.717001	1678	8559	767	143000	20	5	4	0	9	0	4	2	0	0	4	0	0	0	4	2	0	10	26	18	19323	22133	35788	27048	28878	9830
60	40.281189	111.195053	1108	8624	683	93651	3	0	0	0	2	0	2	0	1	0	0	0	0	0	0	0	0	0	6	2	6128	9351	13857	22111	19004	23200
988	40.795101	111.694	2098	8495	665	81768	20	0	3	0	1	0	0	3	5	2	9	0	0	2	2	0	0	13	30	4	9007	9851	15059	14475	15433	17943
734	40.820099	111.643997	1902	8715	698	113824	18	3	6	1	8	1	5	1	4	1	1	0	0	1	1	0	1	5	29	18	11475	12961	18235	19144	24153	27856
1116	40.8731	111.628998	2244	8626	846	211570	1	0	0	0	0	0	1	0	0	0	1	0	0	0	0	0	0	1	2	0	9110	17600	57351	39954	45487	42068
705	40.830959	111.628014	1902	8055	643	67800	2	0	6	0	2	0	0	0	0	0	6	0	0	0	0	2	0	8	2	8	8347	10770	16897	11655	14909	5222
1530	40.838001	111.737999	2481	7075	553	43746	23	6	1	0	4	3	1	0	1	3	2	0	0	1	0	1	0	7	28	11	3229	5226	13212	8920	11999	1160
1429	40.875599	111.670644	1383	7940	760	111402	0	0	1	0	0	0	0	0	0	0	0	0	0	0	0	0	0	0	0	1	10619	13077	15713	14972	20541	36480
647	40.802502	111.640999	2274	7127	692	72313	14	4	8	0	3	0	2	3	6	0	6	0	0	0	3	3	0	12	25	15	4751	8265	24428	13608	18508	2753
907	40.780312	111.70166	2241	7932	655	64144	5	0	0	0	2	1	0	0	0	2	0	0	0	1	0	1	0	3	7	2	4212	6187	16096	12222	15338	10089
58	40.2761	111.198997	1338	8509	775	104254	2	1	0	0	2	0	2	1	5	0	0	0	0	0	1	0	0	1	10	3	6354	9427	17718	22187	21961	26607
679	40.8097	111.642998	2073	8222	770	139752	1	1	0	1	1	0	0	0	2	0	0	0	0	2	0	0	0	2	3	3	13173	13534	28280	25502	28075	31188
1372	40.858002	111.675003	1878	8428	640	73621	1	0	0	0	0	0	1	0	0	0	0	0	0	0	0	1	0	1	2	0	6221	7021	13888	14071	18804	13616
437	40.490673	111.791997	2287	8487	776	133609	2	0	0	0	0	0	0	1	1	0	0	0	0	0	1	0	0	1	4	0	10992	10238	36219	33328	27281	15551
1525	40.8755	111.697998	1508	8436	722	83428	2	0	0	0	1	0	0	0	0	0	1	0	0	0	0	0	0	1	2	1	8653	9230	14173	12704	15983	22685
1588	40.83665	111.769185	1739	8382	707	109063	1	0	0	0	0	0	0	0	0	0	0	1	0	0	1	0	0	1	2	0	12515	17513	29176	22673	21638	5548
49	40.275398	111.184998	1141	8168	693	63568	3	1	0	0	3	0	0	0	0	0	0	0	0	0	1	0	0	1	3	4	3535	5939	11433	13845	13930	14886
621	40.813099	111.624001	2049	8186	687	66249	5	0	2	0	0	0	1	2	1	0	2	0	0	1	1	1	0	5	9	2	9267	10842	14978	13213	13259	4690
672	40.78157	111.669434	2163	8075	700	64158	2	0	0	0	2	1	0	0	1	0	1	0	0	0	0	0	0	2	3	2	4662	8222	14288	11107	13907	11972
371	40.380699	111.817001	1083	7919	703	68392	4	0	3	0	4	0	1	3	1	0	0	0	0	0	0	0	0	0	9	7	2781	6176	11875	16903	14008	16649
590	40.786598	111.641998	1254	8439	714	94910	4	0	3	0	1	0	1	1	2	0	1	0	0	0	0	0	0	1	8	4	15812	19121	18592	12128	20599	8658
942	40.798	111.686996	1780	8304	735	109233	29	4	9	0	7	0	0	2	8	0	4	0	0	1	6	1	0	12	39	20	13481	12805	31216	22586	23526	5619
665	40.803459	111.645172	2003	7738	721	95822	17	3	4	0	4	0	6	3	5	0	6	0	0	0	3	4	0	13	31	11	6152	8826	30479	20155	26458	3752
1217	40.854571	111.658693	2131	7754	606	45931	4	3	1	0	0	0	0	0	0	0	1	2	0	0	0	2	1	4	6	4	3815	3753	8952	9494	10558	9359
1091	40.790798	111.709	1631	8622	717	99297	2	0	1	0	4	0	1	0	1	1	1	0	0	1	0	2	0	4	5	5	12218	15248	16076	15473	17876	22406
556	40.803101	111.609001	1614	8347	720	84856	2	0	1	0	0	0	3	1	2	0	1	0	0	0	0	0	0	1	8	1	10252	14427	18144	16913	19371	5749
611	40.814259	111.620171	2048	7791	655	50537	4	0	2	0	0	0	1	2	2	0	1	0	0	0	0	1	0	2	9	2	6468	7954	11161	10212	11723	3019
649	40.813801	111.629997	1674	8508	784	177413	15	2	7	0	6	0	4	5	3	1	6	0	0	3	2	0	0	11	28	15	18013	28391	48065	37565	37372	8007
1451	40.846085	111.707718	1434	8715	714	105380	3	1	2	0	4	0	1	5	2	0	2	0	0	0	0	3	0	5	11	7	13378	12861	13873	16583	22744	25941
1122	40.800855	111.701638	2255	7562	684	86944	28	2	7	0	14	0	0	2	6	2	1	1	0	1	10	0	0	12	39	23	4713	7143	29156	18486	24366	3080
1522	40.875462	111.697899	1422	8664	728	98963	2	0	0	0	1	0	0	0	0	0	1	0	0	0	0	0	0	1	2	1	8916	12594	19425	18151	18472	21405
521	40.795555	111.586029	1887	7664	620	53169	0	0	1	0	0	0	0	0	0	0	0	0	0	0	0	0	0	0	0	1	6382	8327	12130	10360	12927	3043
1087	40.844299	111.654999	1824	8757	774	162761	9	2	1	0	2	0	6	1	4	0	4	0	0	0	5	1	0	10	20	5	21854	24466	22835	30482	27548	35576
1551	40.834641	111.75051	1297	8365	680	82746	3	0	1	0	1	0	0	1	0	0	3	0	0	0	2	0	0	5	4	2	11834	13532	19459	14338	17940	5643
1097	40.838299	111.662003	1813	8007	716	69643	10	3	4	2	7	1	7	2	4	2	3	0	0	1	3	0	0	8	25	16	6474	7237	16625	15800	19577	3930
496	40.793201	111.564003	1765	7125	664	55937	2	0	0	0	2	1	0	0	0	0	0	0	0	0	1	0	0	2	2	2	4853	6808	17834	12500	12186	1756
1436	41.094501	111.453003	1142	6918	647	57571	3	0	1	0	3	0	2	4	2	2	1	0	0	2	5	1	0	9	13	4	5271	8153	11687	12513	16043	3904
833	40.792	111.682999	1549	8312	657	80811	10	0	2	1	4	0	0	3	2	1	3	0	0	2	2	1	0	8	16	7	13167	12439	19230	14366	15578	6031
579	40.788101	111.635002	1628	8111	638	59255	0	0	1	0	0	0	0	1	0	0	1	0	0	0	0	0	0	1	1	1	7060	9188	13741	12229	13159	3878
602	40.808601	111.623001	1953	7675	572	44576	7	1	3	0	0	0	0	2	3	0	3	0	0	1	1	2	0	7	12	4	5388	7227	10194	8413	10296	3058
717	40.823498	111.637711	1786	7975	598	53074	5	2	4	0	3	1	1	0	4	1	0	0	0	1	1	0	0	3	11	9	4952	5846	7625	10750	13000	10901
1310	40.871399	111.653	1146	8146	698	84277	0	0	0	0	0	0	1	1	0	0	0	0	0	0	0	0	0	0	2	0	6340	9357	10615	11019	15742	31204
929	40.761379	111.722862	1433	8592	756	96727	3	0	0	0	0	0	0	0	0	0	0	0	0	0	1	2	0	3	3	0	8455	10795	17884	17062	17581	24950
989	40.791199	111.697998	1992	7975	556	49762	9	2	3	0	5	0	1	0	3	0	2	0	0	1	0	1	0	4	13	10	5891	6037	8260	7173	10290	12111
1048	40.75439	111.740283	1343	8748	764	143294	4	0	0	0	2	0	1	0	0	0	0	0	0	0	1	0	0	1	5	2	14513	15384	23356	24194	28877	36970
1422	40.868999	111.676003	1242	8587	697	95135	0	0	0	0	0	0	0	0	0	0	0	0	0	0	0	1	0	1	0	0	7851	11584	15137	16285	19287	24991
241	40.7234	111.138	1324	8483	687	83072	3	1	1	1	1	0	0	1	1	0	1	0	0	0	0	0	0	1	5	4	6421	8657	13696	16728	16223	21347
532	40.784801	111.608002	1201	8738	764	122779	1	0	0	0	0	0	0	0	1	0	0	0	0	0	0	0	0	0	2	0	12604	18254	19512	18756	23466	30187
1453	40.81313	111.74122	1678	8462	672	68019	2	0	0	0	0	0	0	0	0	0	0	0	0	0	0	1	0	1	2	0	7837	10698	13533	13140	12457	10354
798	40.775799	111.695999	1539	8672	684	97857	0	0	0	0	0	0	0	0	0	0	0	0	0	0	0	1	0	1	0	0	11305	12708	15071	17017	18788	22968
1592	40.834225	111.77617	1385	7926	662	55792	0	0	0	0	0	1	0	0	0	0	0	0	0	0	1	0	0	2	0	0	7029	8267	13494	10610	12338	4054
53	40.272099	111.191002	1362	7279	643	51095	2	0	0	0	0	0	0	0	0	0	0	0	0	0	0	0	0	0	2	0	2747	3906	8645	12863	10902	12032
1016	40.766472	111.724609	1397	8530	688	82711	1	0	0	0	0	0	0	0	0	0	0	0	0	0	0	0	0	0	1	0	8999	10893	14535	14501	14758	19025
1537	40.881901	111.697998	1298	8148	685	68659	1	0	0	0	1	0	0	0	0	0	0	0	0	0	0	0	0	0	1	1	5786	9683	10231	9825	12491	20643
681	40.838299	111.615997	1631	8462	703	77171	0	0	1	0	0	0	0	0	0	0	0	0	0	0	0	0	0	0	0	1	9406	11789	10540	9738	12291	23407
668	40.819099	111.630997	1462	8584	731	103677	8	1	14	0	4	0	0	5	2	3	4	0	0	3	0	0	0	7	18	19	11299	10980	10912	18488	19183	32815
224	40.72187	111.115837	1338	7785	650	57123	0	1	1	0	0	0	1	0	0	0	1	0	0	0	0	0	0	1	1	2	3423	4727	8786	11911	12954	15322
1213	40.860843	111.651908	1538	8326	674	62232	0	0	2	0	0	0	0	1	0	0	1	0	0	1	0	0	0	2	1	2	6551	8180	9156	10446	12268	15631
1373	40.844101	111.689003	1114	8690	728	114585	31	3	8	0	12	1	4	1	6	1	4	0	0	2	7	0	0	14	43	23	8908	14617	17353	21413	20307	31987
760	40.823673	111.643997	1651	8342	614	62104	22	2	7	0	10	1	3	3	4	0	1	0	0	0	1	1	2	6	32	19	7089	7844	8998	11361	12456	14356
1356	40.8517	111.679001	1590	8659	656	86903	10	1	0	0	2	0	0	0	1	0	0	0	0	0	5	1	0	6	11	3	8336	10292	15066	16092	17506	19611
624	40.7607	111.677002	1724	7714	721	133650	0	0	0	0	0	0	1	0	0	0	0	0	0	0	0	0	0	0	1	0	4367	9016	37931	24497	36643	21196
637	40.783699	111.656998	1624	7714	717	70422	4	3	2	0	4	1	1	0	0	0	2	0	0	0	1	1	0	5	5	9	5387	12044	18932	12664	17084	4311
589	40.813015	111.615349	1571	7981	643	61995	1	0	2	0	0	0	0	2	2	0	0	0	0	0	0	1	0	1	5	2	9768	11416	12435	10214	13994	4168
694	40.801102	111.655998	1673	7873	594	59817	31	10	11	1	12	0	1	2	3	4	1	0	0	4	2	2	0	9	41	34	5707	9552	13164	12172	14670	4552
1510	40.8416	111.727217	1427	7787	614	50424	3	0	1	0	2	0	0	0	2	0	0	0	0	0	0	0	0	0	5	3	6264	7856	12697	8682	11224	3701
1553	40.830452	111.755119	1314	7739	614	56961	0	0	0	0	0	0	0	0	0	0	1	0	0	0	1	2	0	4	0	0	6092	7859	14486	12647	13267	2610
219	40.718552	111.114639	1331	8102	699	81777	0	0	1	0	0	0	1	0	0	0	1	0	0	0	0	0	0	1	1	1	4796	9234	16568	15730	19185	16264
635	40.761398	111.679001	1662	7870	726	123113	0	0	0	0	0	0	1	0	0	0	0	0	0	0	0	0	0	0	1	0	3324	7244	47982	22087	28775	13701
124	39.904598	111.675003	1156	7397	586	45985	0	0	0	0	0	0	0	0	0	0	0	0	0	0	1	0	0	1	0	0	5231	5155	7241	8406	9006	10946
625	40.780102	111.657997	1885	7806	638	53512	2	1	2	0	0	0	1	1	1	0	2	0	0	0	0	1	0	3	5	3	5899	5214	7856	7122	12214	15207
803	40.837101	111.635002	1452	8520	681	90169	1	0	0	0	0	0	0	0	0	0	0	0	0	0	0	0	0	0	1	0	9891	12919	14632	12756	16430	23541
806	40.825401	111.647003	1720	8016	701	90713	29	1	12	0	13	1	2	4	5	0	2	0	0	0	1	1	2	7	40	26	4190	7708	27452	19465	20848	11050
636	40.806499	111.634003	1268	8457	694	98601	20	1	5	0	8	0	0	1	6	1	1	0	0	1	0	2	0	4	28	14	13440	19547	20945	16114	20200	8355
63	40.278111	111.201157	1095	8192	626	75977	5	1	0	0	1	0	1	1	6	1	1	0	0	1	0	0	0	2	14	2	5779	6536	13020	18824	14926	16892
1059	40.797798	111.697998	1527	8582	701	115375	29	1	6	0	8	0	0	2	7	3	3	1	0	2	12	0	0	17	42	15	10629	13572	25366	15687	23169	26952
105	40.2015	111.348	992	8635	740	108438	1	0	0	0	2	0	1	0	0	0	0	0	0	0	3	0	0	3	2	2	12229	15015	17954	20389	20908	21943
148	40.257999	111.369003	598	7703	572	49943	1	0	0	0	0	0	0	0	1	0	0	0	0	0	0	0	0	0	2	0	3308	4689	8568	9806	12399	11173
1506	40.8461	111.722	1323	7303	617	43543	8	1	1	0	5	0	3	0	3	0	2	0	0	0	1	1	0	4	14	7	4827	7418	11192	7492	10039	2575
1518	40.820599	111.751999	1239	8232	637	57058	1	0	0	0	0	0	0	0	0	0	0	0	0	0	1	0	0	1	1	0	5931	7456	9335	11900	8629	13807
856	40.759102	111.718002	1374	8269	643	71755	2	1	0	0	0	0	0	0	0	0	0	0	0	0	1	1	0	2	2	1	6260	7469	12283	12400	14079	19264
1634	40.867298	111.809998	1474	5935	531	24158	0	0	0	0	0	0	0	0	0	0	0	0	0	0	0	1	0	1	0	0	2418	3078	6656	4584	6225	1197
1697	40.905998	111.845001	1787	7297	744	130635	0	0	0	0	1	0	0	0	0	0	0	0	0	0	0	0	0	0	0	1	4263	3582	41491	28052	30156	23091
527	40.810486	111.577354	1770	5374	510	28889	0	0	0	0	0	0	0	0	1	0	0	0	0	0	0	0	0	0	1	0	1025	2067	12451	7690	5008	648
741	40.7794	111.685997	1266	8690	685	97567	1	0	2	0	0	0	0	0	0	0	0	0	0	0	0	1	0	1	1	2	12484	12301	15310	12797	17990	26685
645	40.776699	111.666	1062	8582	668	83151	1	0	0	0	1	0	1	0	0	0	0	0	0	0	0	0	0	0	2	1	8124	12817	13954	11587	15702	20967
1470	40.8256	111.733002	1546	7365	569	39860	9	0	4	2	2	0	1	2	3	0	1	0	0	2	0	0	0	3	15	8	5062	7184	6761	6650	10173	4030
1449	41.100201	111.453003	857	6264	525	33978	3	0	0	0	3	0	1	0	0	1	0	0	0	1	2	0	0	3	5	3	3582	3727	7032	6306	10128	3203
367	40.376801	111.82	917	7723	578	52240	4	0	5	0	2	0	0	2	0	0	1	0	0	0	1	0	0	2	6	7	4426	4661	7984	10696	11951	12522
999	40.783798	111.706001	1074	6844	675	83710	13	0	2	0	6	1	2	1	2	2	0	0	0	1	0	1	0	3	20	8	6672	3109	15963	19235	17188	21543
1072	40.773384	111.72364	1035	8542	693	86556	4	0	0	0	1	0	0	0	0	0	0	0	0	0	0	0	0	0	4	1	10509	12829	13547	15635	13025	21011
588	40.80715	111.621088	1381	6242	557	27088	5	1	4	0	0	0	0	2	3	0	2	0	0	0	1	1	0	4	10	5	2857	4296	5500	5388	7088	1959
1267	40.8009	111.718002	1092	8499	642	76230	16	2	0	0	3	1	0	0	0	0	1	0	0	0	0	0	0	2	16	5	8493	10561	10241	12894	14043	19998
1635	40.864811	111.813309	1589	5426	495	21244	0	0	0	0	0	0	0	0	0	0	0	0	0	0	0	1	0	1	0	0	2386	2895	4964	4094	5792	1113
609	40.804909	111.629372	1284	8092	615	65732	6	0	0	0	1	0	0	0	2	0	2	0	0	0	0	2	0	4	8	1	9879	7847	15338	14629	14131	3908
782	40.780201	111.690002	1398	8402	586	69152	1	0	2	0	0	0	0	0	0	0	0	0	0	0	0	1	0	1	1	2	7978	10204	13963	9598	12069	15340
1426	40.847698	111.697998	1134	8649	740	114016	11	1	5	0	2	0	5	2	6	0	1	0	0	0	2	1	0	4	24	8	9439	12323	26447	23280	21618	20909
629	40.811459	111.627516	1663	7403	537	36437	17	1	4	0	5	0	2	1	3	0	5	0	0	2	2	0	0	9	23	10	5893	6256	7329	7198	7519	2242
604	40.822899	111.610001	1172	7450	581	53536	6	0	9	0	0	0	0	2	3	0	20	0	0	0	0	1	0	21	11	9	5450	5006	12836	13092	14378	2774
552	40.790199	111.620003	894	8178	669	64164	0	0	1	0	0	0	2	0	0	0	0	0	0	0	0	0	0	0	2	1	9507	13418	12307	9621	14327	4984
73	40.287979	111.211632	815	7817	659	84356	0	0	0	0	0	0	0	0	1	0	0	0	0	0	0	0	0	0	1	0	3810	10076	14448	17457	18207	20358
1375	40.862499	111.670998	1129	8410	604	65970	1	0	2	1	1	0	0	0	0	0	1	0	0	1	0	0	0	2	1	4	7154	9750	10754	10804	11802	15706
1348	40.862499	111.667	1300	8443	646	78744	9	1	3	1	2	0	0	1	1	1	6	0	0	1	0	0	0	7	12	7	5579	8790	13522	14731	15946	20176
718	40.823502	111.637711	1266	7930	585	54599	5	2	4	0	3	1	1	0	4	1	0	0	0	1	1	0	0	3	11	9	5765	6503	6360	8136	11037	16798
1394	40.868462	111.668798	1200	8469	607	68161	2	0	2	0	0	0	0	0	0	0	1	0	0	0	0	0	0	1	2	2	9131	8866	9676	8623	12530	19335
1463	41.089199	111.468002	960	7166	595	48075	0	0	1	0	0	0	1	0	0	0	0	0	0	0	0	0	0	0	1	1	5934	8487	6860	10173	12293	4328
594	40.795898	111.634003	1346	7563	640	52145	10	0	4	0	3	0	0	1	0	0	1	0	0	0	0	1	0	2	11	7	4847	8020	14174	11125	11571	2408
66	40.282082	111.202919	890	8024	559	54917	3	0	0	0	2	0	0	1	2	0	1	0	0	0	0	0	0	1	6	2	3060	8016	8931	11569	10761	12580
1514	40.879711	111.691963	1043	8285	632	63286	0	0	0	0	0	0	0	0	0	0	1	0	0	0	0	0	0	1	0	0	5005	7346	8355	11141	12870	18569
881	40.755001	111.723701	1415	7797	572	45424	1	0	0	0	0	0	0	0	0	0	0	0	0	0	0	1	0	1	1	0	3449	4121	10177	8958	10492	8227
488	40.795441	111.552361	1527	6396	537	30692	4	0	1	0	1	0	1	0	0	0	4	0	0	0	0	1	0	5	5	2	2255	3700	9084	5980	8267	1406
1667	40.901901	111.834999	2042	6754	592	44773	0	0	0	0	1	0	0	0	0	0	0	0	0	0	0	0	0	0	0	1	1658	2648	12324	7866	12333	7944
689	40.7882	111.667999	865	8229	596	64277	11	2	4	0	7	0	1	2	3	0	2	0	0	0	1	3	0	6	17	13	11206	15900	12988	7498	11891	4794
578	40.820583	111.602013	1085	8039	626	67174	2	0	1	0	0	0	0	0	0	0	10	0	0	0	0	1	0	11	2	1	9701	12699	13602	11371	15567	4234
1473	40.84738333	111.71292	996	8402	606	65026	9	2	2	0	9	0	0	3	4	0	3	0	0	0	1	3	0	7	16	13	7769	7566	10515	9878	10358	18940
1503	40.81607	111.750925	1174	7280	613	46351	0	1	0	0	0	0	0	0	0	0	0	0	0	0	1	1	0	2	0	1	2642	3499	9111	9873	10779	10447
125	39.904602	111.675056	983	7097	537	38978	0	0	0	0	0	0	0	0	0	0	0	0	0	0	1	0	0	1	0	0	3283	4086	6191	8000	7733	9685
852	40.787873	111.689013	1104	8550	637	80342	9	1	2	0	4	0	1	2	4	0	1	0	0	0	0	2	0	3	16	7	10163	10881	12142	12937	12829	21390
1446	40.857099	111.695499	1139	8080	613	64614	0	0	3	0	3	0	1	0	2	0	1	0	0	0	0	1	0	2	3	6	4001	6217	9157	12001	13502	19736
911	40.7803	111.702003	1245	7096	597	53549	5	0	0	0	2	1	0	0	0	2	0	0	0	1	0	1	0	3	7	2	3432	4317	10298	12363	10290	12849
651	40.780201	111.664001	1481	6540	517	31126	2	0	2	0	0	0	2	0	0	0	2	0	0	0	0	0	0	2	4	2	2161	2858	5195	6428	7150	7334
59	40.276142	111.199203	926	7521	601	51111	2	1	0	0	1	0	2	1	5	0	0	0	0	0	1	0	0	1	10	2	2399	4773	8932	11922	11011	12074
570	40.772999	111.647003	1111	7982	624	51042	0	0	0	0	0	0	0	0	1	0	0	0	0	0	0	0	0	0	1	0	5133	5642	7308	8010	10543	14406
1415	40.839401	111.703003	1074	7141	503	39279	8	1	14	0	4	1	2	3	1	2	2	0	0	2	2	2	0	9	16	19	6549	6994	8469	6685	8120	2462
1275	40.8490316	111.670383	1569	6879	538	41192	16	2	0	0	3	0	0	0	0	0	0	0	0	0	0	1	0	1	16	5	4128	3684	8433	8050	9682	7215
434	40.488987	111.789196	1602	7803	693	73124	2	0	0	0	0	0	0	0	0	0	0	0	0	0	0	0	0	0	2	0	4656	3952	15286	13067	20900	15263
824	40.783806	111.690598	949	8224	593	74103	0	0	0	0	2	0	0	0	2	0	0	0	0	0	0	0	0	0	2	2	5316	7213	9672	13210	18383	20309
1531	40.840116	111.7359	996	7665	631	51043	22	4	2	0	7	3	1	0	1	3	3	0	0	1	0	1	0	8	27	13	4304	7311	11945	10849	13344	3290
1400	40.856201	111.682999	1347	7929	487	50537	3	0	2	0	3	0	0	0	0	0	4	0	0	0	0	2	0	6	3	5	4555	5527	9428	8863	10190	11974
1639	40.859501	111.825996	893	8168	543	66375	4	0	0	0	3	0	0	0	1	0	1	0	0	0	2	0	0	3	5	3	9198	10659	16705	11553	13983	4277
131	39.908401	111.677002	805	7449	597	46861	0	0	1	0	2	0	1	0	0	0	0	0	0	0	3	0	0	3	1	3	3575	5134	7652	10946	9724	9830
106	40.201504	111.348167	872	7616	611	51178	1	1	0	0	2	0	1	0	0	0	0	0	0	0	3	0	0	3	2	3	4659	4328	9277	10218	13782	8914
236	40.71376	111.137703	841	7836	554	40715	8	0	2	0	4	0	1	1	2	1	0	0	0	1	1	0	0	2	13	6	3889	5461	5233	8081	7905	10146
1408	41.0984	111.443001	681	6498	596	49510	0	0	0	0	0	0	1	0	0	0	1	0	0	1	0	0	0	2	1	0	2775	5753	15086	12208	11355	2333
1403	40.811699	111.727997	807	8436	604	71095	3	0	0	0	0	0	0	0	0	1	1	0	0	1	0	0	0	2	4	0	10599	10077	10697	11730	10827	17165
423	40.492901	111.780998	1628	6025	646	83050	1	0	0	0	0	0	1	0	0	0	0	0	0	0	0	0	0	0	2	0	2775	5155	34406	16745	15188	8781
1319	40.809898	111.716003	1033	8113	563	61643	13	1	3	0	4	0	1	0	1	3	5	0	0	3	2	1	0	11	18	8	12795	9758	12398	10479	12305	3908
1477	40.839748	111.721837	1145	7921	609	55401	18	1	3	0	6	0	1	2	4	1	1	1	0	1	2	0	0	4	27	10	10967	10857	11338	7400	11036	3803
1478	40.839867	111.721764	1141	7946	639	76087	18	1	3	0	6	0	1	2	4	1	1	1	0	1	2	0	0	4	27	10	8792	10324	21874	14107	18197	2793
374	40.389801	111.816002	719	6888	476	35290	0	0	0	0	0	0	0	0	1	0	0	0	0	0	0	0	0	0	1	0	2452	3367	3977	7507	5754	12233
50	40.0783	111.384003	302	7021	430	26523	1	1	0	0	0	0	0	0	0	0	0	0	0	0	0	0	0	0	1	1	1766	3458	4339	5193	6350	5417
1127	40.775902	111.726997	781	8387	599	60100	3	0	0	0	1	0	0	0	0	0	0	0	0	0	0	1	0	1	3	1	4597	6265	8916	10629	12510	17183
1024	40.846619	111.644997	972	8137	609	64357	1	0	0	0	1	1	0	0	2	0	1	0	0	0	0	2	0	4	3	1	9819	10436	7742	7577	10570	18213
1460	40.8601	111.695999	1115	7647	554	50940	0	0	4	0	2	0	0	0	0	0	3	0	0	0	0	1	0	4	0	6	3444	4914	10219	9439	12392	10532
405	40.764999	111.490997	1001	7188	562	41242	0	0	1	0	0	0	0	0	0	0	0	0	0	0	0	0	0	0	0	1	4042	4665	7551	9287	9330	6367
233	40.723999	111.125	891	6684	533	35304	3	1	0	0	1	0	1	3	2	0	0	0	0	0	0	0	0	0	9	2	1711	3855	7478	7197	7030	8033
381	40.375629	111.835052	784	7350	577	55444	16	1	3	0	1	0	0	0	3	1	1	0	0	0	2	0	0	3	20	5	6509	5551	9031	9947	8894	15512
583	40.7729	111.652	874	7703	616	62867	0	0	0	0	0	0	0	0	1	0	1	0	0	0	0	0	0	1	1	0	4711	7884	11682	12047	12393	14150
230	40.718578	111.12764	828	7050	546	35921	10	1	4	0	3	1	3	3	2	1	0	0	0	1	0	1	0	3	19	8	2567	2487	6311	8077	8856	7623
1227	40.866776	111.64727	786	8162	623	65441	0	0	0	0	0	0	0	1	0	0	0	0	0	0	0	0	0	0	1	0	5554	9780	7897	8076	12159	21975
825	40.788559	111.685883	1265	7962	589	49491	7	0	1	0	3	0	0	2	0	0	3	0	0	0	2	1	0	6	9	4	3916	5389	8781	8031	10464	12910
919	40.781269	111.70192	1251	7116	528	34805	9	0	1	0	4	1	0	0	1	1	0	0	0	0	0	1	0	2	11	5	2875	3674	7261	6553	6816	7626
748	40.83493	111.630997	908	7756	564	50859	1	0	0	0	1	0	0	0	0	0	1	0	0	0	0	0	0	1	1	1	7021	9669	12239	7258	11301	3371
618	40.8092	111.626999	1140	7145	536	37413	14	2	2	0	4	0	1	1	2	0	6	0	0	2	2	2	0	12	18	8	3551	5600	8888	7673	9067	2634
1035	40.834702	111.657997	889	7963	606	64505	7	2	5	1	5	2	1	1	0	0	2	0	0	0	2	0	0	6	9	13	6155	8616	19340	12203	14542	3649
102	40.1973	111.349998	813	8400	652	70003	1	1	0	0	3	0	1	0	0	0	0	0	0	0	3	0	0	3	2	4	7562	8763	13408	11808	13397	15065
1044	40.794772	111.699397	1089	8024	575	63010	25	3	3	0	9	0	1	1	33	1	4	0	0	2	8	1	0	15	61	15	6820	6497	7243	9976	12026	20448
1557	40.863908	111.723183	1089	7397	595	52350	0	0	0	0	0	0	0	0	0	0	0	0	0	0	0	1	0	1	0	0	2445	4156	9775	10473	13817	11684
161	40.354301	111.313004	822	4135	418	13961	0	0	0	0	0	1	0	0	0	0	0	0	0	0	0	0	0	1	0	0	1118	1090	2980	2844	3348	2581
126	39.911499	111.668999	689	8102	720	147410	1	0	0	0	0	0	1	0	0	0	0	0	0	0	0	0	0	0	2	0	7418	15796	34473	24742	32972	32009
1536	40.84853	111.73071	1221	4768	454	16981	2	0	0	0	0	0	1	0	0	0	0	0	0	0	0	0	0	0	3	0	1610	2034	3830	3931	4459	1117
1441	40.82592	111.724068	1333	6577	453	24131	11	2	3	0	6	1	6	2	1	1	2	0	0	1	3	0	0	7	21	11	2967	2682	5510	4538	6847	1587
234	40.724049	111.125267	705	7136	523	37627	3	1	0	0	1	0	1	3	2	0	0	0	0	0	0	0	0	0	9	2	2435	4078	6990	7689	7330	9105
1093	40.847055	111.65287	1245	7491	616	53580	5	0	1	0	2	1	0	0	4	0	6	0	0	0	3	1	0	11	9	3	5405	5433	7279	6429	9659	19375
1022	40.841692	111.649827	1041	8577	760	144609	8	2	2	0	4	1	6	0	3	0	4	0	0	0	5	2	0	12	17	8	8917	13566	26160	30637	34694	30635
1430	40.815399	111.731003	800	4588	524	38062	8	0	1	0	3	0	0	1	3	1	4	1	0	0	0	2	0	6	14	4	0	147	7179	9210	9395	12131
1419	40.845951	111.697342	788	8147	616	60042	25	2	9	0	7	0	7	5	9	2	3	0	0	2	4	1	0	10	48	18	8517	8402	10372	10738	8594	13419
1398	41.09127	111.447723	637	6781	431	24814	0	0	0	0	0	0	0	0	0	0	1	0	0	1	2	0	0	4	0	0	3281	4054	5108	4897	5900	1574
1476	40.870499	111.691002	994	7626	606	47980	1	0	0	0	0	0	1	0	0	0	2	1	0	0	1	0	0	3	3	0	3497	5809	8511	8111	9325	12727
1216	40.802247	111.710947	1104	7598	549	50215	6	1	2	0	6	0	0	1	1	0	1	0	0	0	1	0	0	2	8	9	10730	9121	9417	9196	7526	4225
1539	40.818001	111.763	867	6790	564	35543	0	0	0	0	0	0	0	0	0	0	0	0	0	0	0	1	0	1	0	0	2271	3291	6290	6253	7951	9487
1487	40.808998	111.754997	795	6860	570	49558	0	0	0	0	0	0	1	0	0	0	0	0	0	0	0	0	0	0	1	0	7953	6166	8089	8735	10668	7947
1006	40.841488	111.648836	1540	5134	602	43410	8	2	2	0	4	1	6	0	3	0	4	0	0	0	5	2	0	12	17	8	610	2320	15853	7155	12102	5370
758	40.827599	111.639244	833	7585	545	46691	4	1	4	0	3	1	0	0	2	0	0	0	0	0	1	0	0	2	6	8	7701	8134	9015	8119	9660	4062
1458	40.849602	111.706001	840	7179	566	46299	3	0	2	0	2	0	0	2	1	0	1	0	0	0	0	1	0	2	6	4	3285	4722	7183	6978	8566	15565
592	40.810551	111.619003	1002	6949	520	33613	8	1	3	0	0	0	0	2	3	0	1	0	0	0	0	1	0	2	13	4	5203	5318	7385	6126	7273	2308
753	40.787399	111.679001	862	6914	509	33687	5	0	2	0	1	0	1	3	1	1	3	0	0	1	2	2	0	8	11	3	4154	5428	7404	5263	8529	2909
1397	40.848499	111.690002	787	8553	665	77339	16	1	7	0	11	0	3	2	2	2	5	0	0	3	2	1	0	11	25	19	11374	9705	11206	10353	13625	21076
1156	40.8506583	111.65472	1157	6112	477	25085	6	4	1	0	1	1	0	0	3	0	2	1	0	0	0	0	1	4	10	6	2693	1673	4320	5226	5285	5888
504	40.80159	111.562225	1310	3754	408	12463	1	0	1	0	1	1	0	0	0	0	1	0	0	0	0	0	0	2	1	2	488	1772	3800	1956	3817	630
412	40.48196	111.779129	673	7553	534	39633	0	0	1	0	0	0	0	0	0	0	0	0	0	0	0	0	0	0	0	1	3953	5138	8022	5600	7696	9224
1517	40.829438	111.74315	793	7074	553	48612	1	1	0	0	0	1	0	0	0	0	1	0	0	0	0	0	0	2	1	1	3835	5195	10055	11106	15108	3313
495	40.802101	111.554001	766	8193	587	75776	2	0	1	0	0	0	0	0	0	0	4	0	0	0	0	1	0	5	2	1	8031	12244	19213	12704	18920	4664
1110	40.874401	111.626999	1275	7942	681	101407	1	0	0	0	0	0	0	0	0	0	1	0	0	0	0	0	0	1	1	0	5805	9389	19492	20278	18166	28277
708	40.827599	111.632004	821	6543	536	38838	1	0	5	0	0	0	0	0	0	0	3	0	0	0	0	0	0	3	1	5	2875	6092	12816	7820	8275	960
77	40.27063	111.234863	602	7637	562	74250	1	0	0	0	0	0	0	0	0	0	1	0	0	0	0	0	0	1	1	0	1986	10486	17978	10750	20775	12275
1247	40.857683	111.659508	871	8122	564	48807	5	2	0	0	1	0	0	0	1	1	0	1	0	0	0	2	0	2	8	3	5685	7079	7095	7518	8298	13132
1680	40.897301	111.848	1166	8491	663	108726	0	0	0	0	0	0	1	0	0	0	0	0	0	0	0	0	0	0	1	0	13357	14249	9549	24826	19855	26890
671	40.825001	111.625999	658	6936	531	36400	1	0	7	1	3	0	0	0	0	0	11	0	0	1	0	1	0	13	1	11	5512	6094	6218	5483	9540	3553
1608	40.8372	111.792	597	6857	469	28640	0	0	0	0	0	0	0	0	1	0	0	0	0	0	0	0	0	0	1	0	5171	6471	5193	3773	5608	2424
740	40.828968	111.636269	762	7183	456	29502	3	0	1	0	1	0	0	0	0	0	3	0	0	0	0	0	0	3	3	2	5299	5216	5615	4374	6549	2449
584	40.825699	111.599998	724	8303	620	73869	0	0	0	0	0	0	0	0	0	0	1	0	0	0	0	0	0	1	0	0	5425	8660	12221	14202	14354	19007
508	40.771301	111.596001	916	5694	438	24412	0	0	2	0	0	0	1	0	0	0	5	0	0	0	0	0	0	5	1	2	3707	2254	3623	3473	3462	7893
1508	40.841499	111.726997	855	5622	411	19841	3	0	1	0	2	0	0	0	2	0	0	0	0	0	0	0	0	0	5	3	2061	2484	6100	3679	4438	1079
1576	40.831509	111.766861	764	5149	457	26723	1	0	0	0	0	0	0	0	0	0	0	1	0	0	1	0	0	1	2	0	1460	2062	7489	6622	7455	1635
1414	41.100159	111.442146	534	5951	454	31089	0	0	0	0	0	0	1	0	0	0	0	0	0	0	0	0	0	0	1	0	3986	4411	5882	6725	7955	2130
1469	40.837451	111.72026	824	8062	584	60621	28	3	3	0	6	0	3	2	4	1	2	1	0	1	6	1	0	10	39	12	10706	11238	12786	10127	11432	4332
827	40.788601	111.685997	811	7520	543	42039	8	0	1	0	3	0	0	3	0	0	3	0	0	0	2	1	0	6	11	4	4504	5021	6342	4992	8359	12821
1014	40.836899	111.653999	965	6182	492	27519	3	4	4	0	3	3	6	0	0	0	1	0	0	0	0	0	0	4	9	11	4502	3008	5556	6342	5687	2424
52	40.272114	111.190933	715	6047	412	23149	2	0	0	0	0	0	0	0	0	0	0	0	0	0	1	0	0	1	2	0	1497	2481	3940	6087	4052	5092
1558	40.885201	111.702003	652	5407	449	21374	1	0	0	0	0	0	0	0	0	0	0	0	0	0	0	0	0	0	1	0	1306	1842	3351	4546	3993	6336
1193	40.74435	111.765862	695	6185	514	27828	1	0	0	0	0	0	0	0	0	0	0	0	0	0	0	0	0	0	1	0	1761	3448	5812	5409	5949	5449
759	40.787365	111.679482	949	5981	435	21263	5	0	2	0	1	0	1	3	1	1	3	0	0	1	2	2	0	8	11	3	2060	3267	4516	4577	5609	1234
242	40.723419	111.13842	729	6772	473	27443	3	1	1	1	1	0	0	1	1	0	1	0	0	0	0	0	0	1	5	4	2427	3504	5983	5259	5639	4631
765	40.824242	111.643997	794	8111	513	55378	22	2	7	0	10	1	2	3	4	0	1	0	0	0	1	1	2	6	31	19	6604	7302	7579	9950	10134	13809
1057	40.761738	111.733604	606	7131	608	45603	0	0	0	0	0	0	1	0	0	0	0	0	0	0	0	1	0	1	1	0	2878	4930	6417	7088	9882	14408
133	39.9077	111.679001	627	6477	437	30383	0	0	1	0	3	0	1	0	0	0	0	0	0	0	4	0	0	4	1	4	1896	2763	4755	6723	6397	7849
406	40.478573	111.779091	677	6046	467	25024	0	0	1	0	1	0	0	0	0	0	0	0	0	0	0	0	0	0	0	2	1250	1970	4808	5140	6510	5346
844	40.834411	111.641862	1045	5335	451	22938	5	2	2	0	2	0	4	1	1	0	1	0	0	0	2	0	0	3	11	6	1574	3125	5662	4870	6808	899
368	40.37685	111.820007	607	5547	447	21533	4	0	5	0	2	0	0	2	0	0	1	0	0	0	1	0	0	2	6	7	1531	1854	4753	4967	4747	3681
1296	40.8134	111.709	644	6939	478	31237	35	6	3	2	12	1	1	0	2	2	0	0	0	4	4	2	0	11	40	23	5841	5460	5180	6002	6300	2454
610	40.802299	111.632004	691	7350	466	34083	8	0	5	0	2	0	0	2	3	0	0	0	0	0	0	2	0	2	13	7	4947	5070	6893	5805	8886	2482
364	40.379799	111.811996	574	5215	422	20700	4	0	2	0	3	0	0	1	0	1	0	0	0	0	0	0	0	0	6	5	3188	1415	2526	4824	4753	3994
1542	40.85648	111.72619	812	7993	551	71112	1	0	3	0	0	0	0	0	1	0	0	0	0	0	0	0	0	0	2	3	5987	8983	12502	12221	13830	17589
979	40.840401	111.648003	1082	6904	720	110375	8	2	2	0	4	1	6	0	3	0	3	0	0	0	5	1	0	10	17	8	2653	5799	42564	19646	25320	14393
506	40.797089	111.569077	703	5115	415	20541	1	0	1	0	0	1	0	0	0	0	0	0	0	0	0	0	0	1	1	1	1415	3003	7927	3987	3404	805
226	40.716911	111.122322	767	7955	583	66286	0	1	0	0	0	0	2	0	0	0	0	0	0	0	0	0	0	0	2	1	2925	7145	18001	11565	15616	11034
600	40.7995	111.632004	791	7203	505	34135	4	0	4	0	1	0	0	1	0	0	1	0	0	0	0	1	0	2	5	5	5865	4628	6973	6770	8074	1825
1616	40.883301	111.761002	682	7468	555	42542	0	0	0	0	0	0	0	1	0	0	0	0	0	0	0	0	0	0	1	0	4755	5118	5951	7372	6501	12845
1129	40.796502	111.706427	1028	3069	338	8328	19	1	4	0	12	0	2	2	32	1	1	1	0	0	7	1	0	9	57	17	414	853	1875	1342	2225	1619
255	40.726768	111.16935	680	4687	408	16685	1	0	0	0	0	0	0	0	0	0	0	0	0	0	0	1	0	1	1	0	810	1219	3471	3923	3382	3880
356	40.371948	111.803009	482	6435	406	26798	1	0	0	0	0	0	0	0	0	0	0	0	0	0	0	0	0	0	1	0	2432	4213	4665	4048	4731	6709
123	39.914101	111.663002	554	6442	475	30561	0	0	0	0	0	0	0	0	0	0	1	0	0	1	1	0	0	3	0	0	3179	4696	5231	5410	4327	7718
363	40.3783	111.811996	388	4599	378	16860	3	0	2	0	2	0	0	1	0	1	0	0	0	0	0	0	0	0	5	4	1172	1625	2440	3993	2838	4792
1112	40.874352	111.627373	1014	8036	685	106113	1	0	0	0	0	0	1	0	0	0	1	0	0	0	0	0	0	1	2	0	5999	8716	16896	22906	21958	29638
424	40.491901	111.781998	1008	7459	559	74548	1	0	0	0	0	0	0	0	0	0	0	0	0	0	0	0	0	0	1	0	5622	7611	12452	15246	16608	17009
1007	40.841609	111.648819	978	5582	542	37486	8	2	2	0	4	0	6	0	3	0	4	0	0	0	5	2	0	11	17	8	977	1400	13286	6801	9899	5123
380	40.375599	111.834999	507	5935	428	23664	16	1	3	0	1	0	0	0	3	1	1	0	0	0	2	0	0	3	20	5	1672	3096	4210	3951	4983	5752
119	39.9188	111.655998	574	6535	466	31308	0	0	0	0	0	0	1	0	0	0	0	0	0	0	1	0	0	1	1	0	1624	3953	5514	6224	6500	7493
591	40.833961	111.595001	617	8160	566	61100	9	3	0	0	0	2	0	1	0	0	0	0	0	0	0	0	0	2	10	3	6248	7886	10404	8608	12824	15130
376	40.380569	111.827858	480	6149	494	30717	7	0	9	0	5	1	1	4	5	1	1	0	0	1	2	0	1	6	18	14	1271	2264	4411	8201	5713	8857
1423	41.088112	111.457069	588	7122	648	90009	5	0	1	0	1	0	1	1	1	0	0	0	0	0	0	0	0	0	8	2	4954	10260	26934	19828	22169	5864
683	40.798698	111.655998	546	6738	404	24661	23	3	12	1	10	0	3	3	4	2	1	0	0	2	2	0	0	5	35	26	3203	4571	5903	4354	5259	1371
1602	40.910702	111.710999	582	6842	490	39682	1	0	0	0	0	0	0	0	0	0	0	0	0	0	0	0	0	0	1	0	1936	4273	6685	7245	8838	10705
507	40.771271	111.595718	670	6520	424	29280	0	0	2	0	0	0	1	0	0	0	5	0	0	0	0	0	0	5	1	2	5403	2406	4015	3552	5335	8569
1406	41.098351	111.442741	380	4554	365	20485	0	0	0	0	0	0	1	0	0	0	1	0	0	1	0	0	0	2	1	0	781	2180	8318	4724	3821	661
1439	40.851601	111.696999	620	7511	497	38693	2	0	1	0	0	0	0	1	3	0	3	0	0	0	2	1	0	6	6	1	3418	4566	4835	8485	7874	9515
220	40.715401	111.117996	637	7335	642	89659	0	0	0	0	0	0	1	0	0	0	0	0	0	0	0	0	0	0	1	0	5923	6753	15517	21160	19642	20664
638	40.799801	111.640999	492	6818	401	26594	12	4	12	0	5	0	2	3	4	0	8	0	0	0	3	3	0	14	21	21	3928	4372	5116	4927	6292	1959
729	40.783699	111.68	686	4604	373	13994	3	0	1	0	1	0	1	3	1	0	2	0	0	0	0	1	0	3	8	2	1266	1614	3113	2710	2966	2325
499	40.786598	111.571999	449	6518	442	29517	0	0	0	0	0	0	0	1	0	0	1	0	0	0	0	1	0	2	1	0	1868	2980	5669	4595	6689	7716
632	40.815754	111.624001	458	7207	540	38807	12	1	30	0	4	0	1	11	0	1	3	0	0	1	0	1	0	5	25	35	4614	6546	9915	6515	8654	2563
1371	40.866009	111.666977	749	4194	314	13201	6	0	3	0	0	0	0	0	0	0	5	0	0	0	0	0	0	5	6	3	2283	2435	1610	1408	2187	3278
1455	40.841875	111.712827	448	7197	425	29690	16	2	2	0	4	0	0	3	1	0	4	1	0	0	0	4	0	8	21	8	6267	4872	5046	5567	5607	2331
362	40.378288	111.811607	361	2556	256	7800	3	0	1	0	2	0	0	0	0	1	0	0	0	0	0	0	0	0	4	3	231	368	1746	2525	1736	1194
503	40.796921	111.564651	646	3742	371	12795	2	0	1	0	4	1	0	0	0	0	0	0	0	0	1	0	0	2	2	5	1005	959	3946	2791	3573	521
940	40.837898	111.647003	831	3342	407	17257	5	2	5	0	3	0	5	0	3	0	2	0	0	0	2	1	0	5	13	10	224	840	8272	2667	3535	1719
121	39.918751	111.65641	486	4288	389	15488	0	0	0	0	0	0	1	0	0	0	0	0	0	0	1	0	0	1	1	0	134	1813	3859	2808	3910	2964
761	40.818699	111.649002	462	4771	385	21651	21	9	4	1	7	1	3	3	1	1	1	0	0	1	2	1	0	6	29	21	1094	1671	6355	5158	4904	2469
799	40.7938	111.678001	439	6264	408	24234	20	3	12	1	7	0	1	0	3	1	3	0	1	2	2	1	0	9	25	23	4725	3921	4922	3316	5251	2099
1696	40.906799	111.844002	544	7770	587	106750	0	0	0	0	1	0	0	0	0	0	0	0	0	0	0	0	0	0	0	1	10088	9093	13167	25383	14436	34583
1279	40.847099	111.672997	682	7837	593	67996	21	3	0	0	10	1	1	0	3	1	0	0	0	1	2	0	1	5	26	13	11867	7188	9586	13524	10166	15665
1682	40.898499	111.847	624	8199	614	109244	0	0	0	0	0	0	1	0	0	0	0	0	0	0	0	0	0	0	1	0	15191	17427	7112	22357	23583	23574
130	39.908298	111.677002	341	4316	326	15353	0	0	1	0	2	0	1	0	0	0	0	0	0	0	3	0	0	3	1	3	343	1794	3372	2748	4350	2746
1694	40.905899	111.844002	543	7755	579	97014	0	0	0	0	1	0	0	0	0	0	0	0	0	0	0	0	0	0	0	1	10036	7222	11969	25037	17564	25186
1248	40.846199	111.670998	522	8616	653	135777	27	3	0	0	12	1	3	0	2	1	0	0	0	1	4	0	1	7	33	15	23170	18387	16331	26358	16784	34747
686	40.786701	111.668999	321	5843	370	20004	10	2	3	0	4	0	0	2	2	0	0	0	0	0	0	3	0	3	14	9	2684	2936	4188	4201	4507	1488
1124	40.873131	111.62941	725	4430	415	20024	1	0	0	0	0	0	1	0	0	0	1	0	0	0	0	0	0	1	2	0	479	3128	6231	3722	4156	2308
1672	40.901402	111.841003	744	3660	392	17758	0	0	0	0	1	0	0	0	0	0	0	0	0	0	0	0	0	0	0	1	165	1299	7147	3756	4471	920
670	40.799599	111.651001	368	4778	294	14168	25	7	1	1	7	0	3	2	1	2	5	0	0	2	0	1	0	8	33	16	2335	1779	2779	3142	3295	838
420	40.4911	111.780998	547	8206	524	77115	1	0	0	0	0	0	0	0	0	0	0	0	0	0	0	0	0	0	1	0	8496	8202	12366	16186	15180	16685
1250	40.846298	111.670998	554	4948	441	34445	27	3	0	0	10	1	3	0	2	1	0	0	0	1	4	0	1	7	33	13	0	4941	6727	9984	5753	7040
1074	40.804199	111.693001	522	7596	554	78840	38	4	6	1	6	0	5	1	4	3	0	0	0	4	3	0	0	7	51	17	12491	14630	11380	14559	18373	7407
788	40.826709	111.643915	347	6412	381	27616	20	1	9	0	11	1	2	3	3	0	2	0	0	0	1	1	2	7	28	21	7240	5797	3692	4536	3794	2557
1115	40.872898	111.628998	493	6808	490	57747	1	0	0	0	0	0	1	0	0	0	1	0	0	0	0	0	0	1	2	0	1819	4820	12988	10846	10342	16932
1710	40.931301	111.834	362	4891	369	16931	0	0	0	0	0	0	0	0	0	0	0	1	0	0	0	0	0	0	1	0	732	2281	3181	3061	4148	3528
855	40.835307	111.641695	366	4712	394	15806	3	2	2	0	2	0	4	1	1	0	1	0	0	0	2	0	0	3	9	6	1389	1880	4681	2921	3983	952
467	40.78706	111.547981	570	3239	392	16882	0	0	0	0	1	0	0	0	0	0	0	0	0	0	0	2	0	2	0	1	27	467	5209	2777	7318	1084
1673	40.896702	111.847	457	5468	480	38472	0	0	0	0	0	0	1	0	0	0	0	0	0	0	0	0	0	0	1	0	6878	4830	3246	6522	7243	9753
1107	40.873199	111.627998	431	5528	530	66514	1	0	0	0	0	0	1	0	0	0	1	0	0	0	0	0	0	1	2	0	635	3853	25279	11702	15156	9889
1410	40.804798	111.737	228	7011	422	32240	4	0	1	0	0	0	0	1	0	0	2	0	0	0	0	2	0	4	5	1	4500	4844	3394	3748	5229	10525
1412	40.806198	111.736	303	5787	311	15866	4	0	0	0	0	1	1	0	0	0	1	0	0	0	0	2	0	4	5	0	2293	2539	2453	3409	2545	2627
627	40.760201	111.678001	450	6762	488	55423	0	0	0	0	0	0	1	0	0	0	0	0	0	0	0	0	0	0	1	0	2829	7549	6598	13230	11985	13232
593	40.8106	111.619003	309	4117	347	13273	8	1	3	0	0	0	0	2	3	0	1	0	0	0	0	1	0	2	13	4	1239	2646	2397	2401	3658	932
1550	40.894402	111.690002	307	5393	483	63890	0	0	0	0	0	0	1	0	0	0	0	0	0	0	0	0	0	0	1	0	3997	4436	7497	11404	15934	20622
715	40.8241	111.637001	246	5238	326	15774	5	1	3	0	2	1	1	0	3	1	0	0	0	1	0	0	0	2	10	6	2699	2937	2000	2522	1844	3772
899	40.828098	111.653	262	2675	228	9637	36	1	4	0	15	1	3	3	5	0	4	0	0	1	5	1	2	14	47	20	13	57	2705	3138	3653	71
1228	40.854301	111.660004	171	4572	272	15575	5	3	1	0	0	0	0	1	0	0	1	2	0	0	0	3	1	5	8	4	753	413	3406	4950	4376	1677
426	40.491798	111.782997	443	7887	538	74751	2	0	0	0	0	0	0	0	0	0	0	0	0	0	0	0	0	0	2	0	8832	8446	9411	15912	15018	17132
628	40.760799	111.678001	315	7488	408	52548	0	0	0	0	0	0	1	0	0	0	0	0	0	0	0	0	0	0	1	0	7780	5428	3936	12620	11101	11683
377	40.3806	111.828003	275	3260	314	11545	7	0	9	0	5	1	1	4	6	1	2	0	0	1	2	0	1	7	19	14	314	629	1436	3414	1994	3758
98	40.1964	111.348	319	3871	342	15009	1	0	0	0	2	0	1	0	0	0	0	0	0	0	3	0	0	3	2	2	1356	1395	4041	2939	2844	2434
586	40.774799	111.652	245	3671	368	17062	0	0	0	0	0	0	0	0	1	0	1	0	0	0	0	0	0	1	1	0	1323	1270	3631	4007	3696	3135
1067	40.8046	111.692001	402	7094	476	45978	36	3	8	1	9	0	5	3	5	2	0	0	0	3	2	0	0	5	51	21	9636	8618	7264	9883	6401	4176
243	40.71861	111.14874	276	3159	267	9414	0	0	1	0	0	0	0	0	0	0	0	0	0	0	0	0	0	0	0	1	487	1617	2035	1741	1638	1896
524	40.764198	111.620003	213	5959	327	20081	0	0	1	0	0	0	0	0	0	0	0	0	0	0	0	0	0	0	0	1	2336	3574	3022	2095	3501	5553
429	40.493599	111.781998	364	7723	476	61855	1	0	0	0	0	0	1	0	0	0	0	0	0	0	0	0	0	0	2	0	7210	5960	8949	12929	9943	16864
1489	40.824799	111.739998	330	2361	235	8318	1	0	0	0	0	0	0	0	0	0	0	0	0	0	0	0	0	0	1	0	154	154	3219	3107	1650	34
433	40.490101	111.788002	445	4864	379	22186	2	0	0	0	0	0	0	0	0	0	0	0	0	0	0	0	0	0	2	0	2005	1412	4212	4420	4283	5854
428	40.493301	111.781998	346	7631	467	69543	1	0	0	0	0	0	1	0	0	0	0	0	0	0	0	0	0	0	2	0	6382	5709	13418	12680	13315	18039
1687	40.906601	111.841003	316	7860	550	91415	0	0	0	0	1	0	0	0	0	0	0	0	0	0	0	0	0	0	0	1	9385	13143	8336	17760	18685	24106
1686	40.905102	111.842003	334	7679	523	75683	0	0	0	0	1	0	0	0	0	0	0	0	0	0	0	0	0	0	0	1	6885	7798	6485	15898	15437	23180
422	40.491501	111.781998	367	7624	397	43765	1	0	0	0	0	0	0	0	0	0	0	0	0	0	0	0	0	0	1	0	7166	5573	8855	9020	6124	7027
707	40.816299	111.642998	291	3621	248	10159	17	4	4	0	7	1	4	1	4	1	1	0	1	0	0	1	0	4	27	15	406	229	1926	2434	3835	1329
613	40.759499	111.675003	350	8116	494	82695	2	0	0	0	0	0	1	0	0	0	0	0	0	0	0	0	0	0	3	0	10705	8812	6025	14342	15345	27466
1555	40.8951	111.691002	272	4493	363	21586	0	0	0	0	0	0	1	0	0	0	0	0	0	0	0	0	0	0	1	0	839	1292	4226	4779	6480	3970
425	40.493599	111.780998	330	7957	487	70205	1	0	0	0	0	0	1	0	0	0	0	0	0	0	0	0	0	0	2	0	14428	8365	12989	13998	10993	9432
492	40.794701	111.555	378	2112	234	5787	4	0	0	0	2	0	1	0	0	0	3	0	0	0	1	1	0	5	5	2	223	674	1760	1763	1226	141
1593	40.8386	111.774002	204	6098	356	20772	0	0	0	0	0	1	0	0	0	0	0	0	0	0	0	0	0	1	0	0	3372	3553	4180	3901	4323	1443
494	40.797001	111.555969	273	3521	277	11483	6	0	1	0	4	0	0	0	0	0	5	0	0	0	1	1	0	7	6	5	639	1099	3562	3137	2468	578
1462	41.08923	111.467827	203	4592	313	12361	0	0	1	0	0	0	2	0	0	0	0	0	0	0	0	0	0	0	2	1	634	1931	2434	3028	3549	785
1054	40.853001	111.641998	230	5214	273	15198	0	0	0	0	0	0	0	0	0	0	1	0	0	0	0	1	0	2	0	0	1816	2446	2441	2615	2450	3430
619	40.760201	111.676003	301	7928	481	75661	0	0	0	0	0	0	1	0	0	0	0	0	0	0	0	0	0	0	1	0	10781	7838	11570	15140	11769	18563
1111	40.8736	111.627998	415	5297	336	24101	1	0	0	0	0	0	1	0	0	0	1	0	0	0	0	0	0	1	2	0	1240	1556	5653	6030	3957	5665
1002	40.839001	111.651001	352	7267	497	65328	9	3	5	0	5	2	5	0	3	0	4	0	0	0	3	0	0	9	17	13	5137	6965	8143	12651	11978	20454
1685	40.905602	111.841003	268	7817	526	97065	0	0	0	0	1	0	0	0	0	0	0	0	0	0	0	0	0	0	0	1	12244	16079	11638	18936	13991	24177
1677	40.8979	111.847	319	7357	492	60132	0	0	0	0	0	0	1	0	0	0	0	0	0	0	0	0	0	0	1	0	10628	8392	5835	12517	10691	12069
431	40.488701	111.788002	360	7846	500	56316	2	0	0	0	0	0	0	0	0	0	0	0	0	0	0	0	0	0	2	0	8294	7308	8540	9172	7334	15668
641	40.800301	111.640999	224	3425	288	8911	14	4	11	0	4	0	2	3	5	0	6	0	0	0	3	3	0	12	24	19	860	1335	1747	2216	2214	539
1292	40.860439	111.661453	233	6077	331	18855	4	2	1	1	3	0	0	0	1	1	4	0	0	1	0	1	0	6	6	7	1895	2108	3288	2963	3676	4925
108	40.195301	111.357002	214	5655	460	27632	0	0	0	0	1	0	0	0	0	0	0	0	0	0	0	0	0	0	0	1	3286	1458	6032	3691	8847	4318
1077	40.8363	111.661003	288	6226	400	36745	9	2	5	2	5	1	3	3	1	3	3	0	0	2	2	0	0	8	19	14	5213	4253	6979	8103	9240	2957
1004	40.7952	111.695	139	4647	303	12895	17	0	3	0	1	0	0	1	4	2	9	0	0	2	2	0	0	13	24	4	1661	1219	2444	1642	3021	2908
1674	40.897701	111.846001	310	6008	373	35662	0	0	0	0	0	0	1	0	0	0	0	0	0	0	0	0	0	0	1	0	3499	4822	1704	7090	9188	9359
587	40.774899	111.652	249	3238	283	10670	0	0	0	0	0	0	0	0	1	0	1	0	0	0	0	0	0	1	1	0	836	766	3506	2620	2124	818
1290	40.847401	111.674004	314	5382	339	25119	16	3	0	0	6	0	0	0	3	2	0	0	0	1	3	0	0	4	21	9	3160	2348	4429	6437	2909	5836
1104	40.872799	111.627998	297	6541	453	36982	1	0	0	0	0	0	1	0	0	0	1	0	0	0	0	0	0	1	2	0	4068	5347	4045	6819	5153	11550
623	40.760601	111.677002	233	6592	467	44664	0	0	0	0	0	0	1	0	0	0	0	0	0	0	0	0	0	0	1	0	5352	5283	4797	9159	7134	12939
1681	40.9044	111.841003	313	7080	371	28229	0	0	0	0	1	0	0	0	0	0	0	0	0	0	0	0	0	0	0	1	4715	5709	4358	4399	4964	4084
883	40.840099	111.63887	180	4887	330	16301	0	0	1	0	0	0	2	0	1	0	0	0	0	0	0	2	0	2	3	1	1433	3061	2243	2098	2861	4605
1547	40.838699	111.745003	318	1865	224	5060	8	2	5	0	3	1	1	1	0	0	4	0	0	0	2	0	1	8	10	10	279	503	1279	1551	1146	302
762	40.818802	111.649002	226	3429	247	11638	22	9	4	1	7	1	3	3	1	1	1	0	0	1	2	1	0	6	30	21	1434	721	3624	2238	1861	1760
1099	40.873501	111.626999	282	6541	370	34826	1	0	0	0	0	0	1	0	0	0	1	0	0	0	0	0	0	1	2	0	4297	4303	2590	7366	8682	7588
1689	40.905998	111.842003	245	7608	459	63747	0	0	0	0	1	0	0	0	0	0	0	0	0	0	0	0	0	0	0	1	9274	7962	5483	11266	12429	17333
432	40.4893	111.788002	281	7831	492	73400	2	0	0	0	0	0	0	0	0	0	0	0	0	0	0	0	0	0	2	0	9193	4816	8114	16346	13211	21720
1541	40.825718	111.756454	113	4769	313	15332	1	1	0	0	0	0	0	0	0	0	0	0	1	0	2	2	0	5	1	1	641	733	3269	3763	4644	2282
1103	40.775799	111.724998	116	4170	270	10849	3	0	0	0	1	0	0	0	0	0	0	0	0	0	0	0	0	0	3	1	1669	1165	1619	1532	2008	2856
1690	40.907001	111.841003	157	8079	441	58751	0	0	0	0	1	0	0	0	0	0	0	0	0	0	0	0	0	0	0	1	8889	7804	5639	9728	11617	15074
981	40.838501	111.650002	291	5274	375	31773	8	3	6	0	4	2	6	0	3	0	3	0	0	0	3	1	0	9	17	13	3840	2313	2898	5911	6797	10014
692	40.807598	111.649002	177	2939	231	8859	32	2	6	0	5	0	8	5	2	2	2	1	0	2	0	1	0	5	50	13	1143	14	1761	2234	1927	1780
1570	40.831902	111.763	125	3216	213	9466	1	0	0	0	0	0	0	0	0	0	0	0	0	0	0	2	0	2	1	0	1302	1721	2805	1676	1434	528
1675	40.897301	111.847	236	4785	349	24534	0	0	0	0	0	0	1	0	0	0	0	0	0	0	0	0	0	0	1	0	3010	4420	1233	4865	5358	5648
1153	40.800201	111.705002	136	5977	318	25752	23	1	7	0	12	0	0	2	7	2	0	1	0	1	9	0	0	10	35	20	2884	2706	6450	5001	6875	1836
1368	40.800999	111.731003	128	2993	225	12039	1	0	1	0	0	0	0	1	1	0	1	0	0	0	0	0	0	1	3	1	0	16	3640	4960	3232	191
666	40.802799	111.646004	226	2032	158	3687	20	4	5	0	4	0	6	4	5	0	6	0	0	0	3	4	0	13	35	13	642	501	702	692	1026	124
1684	40.898899	111.847	270	6729	376	44581	0	0	0	0	0	0	1	0	0	0	0	0	0	0	0	0	0	0	1	0	4095	7006	2950	8269	8752	13509
1678	40.903099	111.842003	232	5644	409	33043	0	0	0	0	1	0	0	0	0	0	0	0	0	0	0	0	0	0	0	1	4137	3393	6316	5801	6017	7379
1209	40.8083	111.704002	199	3141	233	9046	30	3	3	2	6	1	2	2	6	2	0	0	0	4	2	0	1	8	42	14	1855	931	2119	1373	1963	805
1411	40.806099	111.736	192	1571	200	4104	4	0	0	0	0	1	1	0	0	0	1	0	0	0	0	2	0	4	5	0	893	837	740	288	704	642
1271	40.8451	111.674004	215	7173	440	45115	31	4	1	0	12	1	5	2	6	3	1	0	0	2	3	0	1	8	47	17	4880	3580	8094	10409	5930	12222
995	40.838699	111.651001	271	4489	357	25493	10	3	6	0	5	2	5	0	3	0	5	0	0	0	3	0	0	10	18	14	1744	2203	2560	4831	4012	10143
1385	40.8451	111.691002	153	1676	198	4628	31	2	10	0	15	1	6	1	6	0	5	0	0	2	6	1	0	15	44	27	196	434	420	641	777	2160
1118	40.851299	111.651001	211	2491	204	5239	5	3	1	0	2	1	0	0	4	0	5	0	0	0	0	2	0	8	9	6	379	554	1315	830	1127	1034
1574	40.829201	111.767998	127	3081	290	10403	2	0	0	0	0	0	0	0	0	0	0	1	0	0	0	0	0	0	3	0	142	254	3159	3200	3412	236
1063	40.836201	111.660004	194	5105	370	24890	9	2	3	1	5	2	2	2	0	1	2	0	0	0	2	0	0	6	14	11	2262	3119	5563	5952	5610	2384
648	40.790699	111.653	172	1531	166	3832	11	2	4	2	7	1	1	1	5	1	1	0	0	1	2	2	0	7	19	15	198	7	972	986	1351	318
1128	40.874901	111.627998	225	7615	448	45504	1	0	0	0	0	0	1	0	0	0	1	0	0	0	0	0	0	1	2	0	6907	4556	4522	8328	7472	13719
474	40.7892	111.550003	190	4452	309	19074	0	0	0	0	0	0	1	0	0	0	0	0	0	0	0	2	0	2	1	0	2145	1946	3775	5209	3528	2471
526	40.810501	111.577003	200	1233	191	4102	0	0	0	0	0	0	0	0	1	0	0	0	0	0	0	0	0	0	1	0	0	6	2057	1651	385	3
655	40.812199	111.633003	126	4613	306	15983	17	1	9	0	11	1	4	5	4	0	6	0	0	2	3	0	0	12	30	21	2565	3195	1138	1910	1813	5362
991	40.838299	111.651001	211	5398	333	30010	8	3	5	0	4	2	6	0	3	0	3	0	0	0	3	0	0	8	17	12	2260	3114	3521	6355	4716	10044
622	40.760101	111.677002	156	6771	328	31997	0	0	0	0	0	0	1	0	0	0	0	0	0	0	0	0	0	0	1	0	4541	3120	2451	7046	5379	9460
1527	40.822899	111.751999	149	1698	176	4242	1	1	0	0	0	0	0	0	0	0	0	0	0	0	0	2	0	2	1	1	170	204	1181	1217	947	523
1409	40.817699	111.723999	160	2440	190	5702	41	1	2	1	9	2	4	4	3	0	4	0	0	1	2	3	0	12	52	13	79	319	1115	1734	1573	882
1468	40.868698	111.689003	175	2788	354	25060	0	0	0	0	0	0	0	0	0	0	0	0	0	0	1	0	0	1	0	0	0	1554	12674	2069	4928	3835
878	40.839802	111.638603	117	5874	262	18489	0	0	1	0	0	0	2	0	1	0	0	0	0	0	0	0	0	0	3	1	3101	3710	3118	1837	2215	4508
1683	40.9035	111.842003	212	6798	415	41249	0	0	0	0	1	0	0	0	0	0	0	0	0	0	0	0	0	0	0	1	5315	6421	4271	7632	5831	11779
1388	40.856625	111.680161	107	1437	162	4226	6	0	0	0	1	0	1	0	0	0	0	0	0	0	0	1	0	1	7	1	314	161	1351	1153	874	373
1261	40.854401	111.664001	201	556	158	2173	13	4	0	0	2	0	0	1	2	2	1	1	0	1	1	3	0	6	19	6	372	326	753	722	0	0
1679	40.8983	111.847	223	3825	245	14084	0	0	0	0	0	0	1	0	0	0	0	0	0	0	0	0	0	0	1	0	568	1376	535	2822	3945	4838
1515	40.820301	111.751999	74	2509	227	9004	1	0	0	0	0	0	0	0	0	0	0	0	0	0	1	0	0	1	1	0	404	64	3344	2448	2658	86
1070	40.800999	111.695999	201	1195	160	2427	28	3	7	0	14	0	2	1	2	1	1	0	0	1	3	0	0	5	34	24	116	264	528	810	556	153
1493	40.812199	111.752998	99	2143	173	5773	0	1	0	0	0	0	1	0	0	0	0	0	0	0	1	1	0	2	1	1	265	940	709	594	1530	1735
972	40.8391	111.649002	266	1395	177	4319	8	3	5	0	3	2	7	0	3	0	5	0	0	0	3	1	0	11	18	11	8	176	1295	1434	1263	143
1037	40.8022	111.691002	129	3596	259	12908	34	3	10	0	12	0	1	3	5	1	5	0	0	1	4	0	0	10	44	25	4141	1705	1089	2854	1545	1574
1240	40.8027	111.713997	124	4008	222	9337	14	2	2	0	5	1	0	1	0	0	1	0	0	0	1	0	0	3	15	9	1685	1855	2345	1946	1191	315
427	40.492901	111.781998	189	4946	384	30708	1	0	0	0	0	0	1	0	0	0	0	0	0	0	0	0	0	0	2	0	2205	1895	5235	5315	4802	11256
1464	40.8353	111.722	164	2227	158	4663	36	3	7	1	8	0	3	2	5	3	2	0	0	1	6	1	0	10	49	19	428	352	1303	1306	1176	98
1367	40.8009	111.731003	113	1874	158	6852	1	0	1	0	0	0	0	1	1	0	1	0	0	0	0	0	0	1	3	1	8	2	2188	2520	2007	127
646	40.7985	111.644997	121	2576	225	7755	12	2	14	0	2	0	1	3	2	0	10	0	0	1	1	2	0	14	18	18	564	344	2507	2311	1774	255
1094	40.8731	111.626999	148	6267	387	34850	1	0	0	0	0	0	1	0	0	0	1	0	0	0	0	0	0	1	2	0	2219	4726	3624	8046	4950	11285
1501	40.828602	111.737999	71	3478	182	8934	0	0	1	0	0	0	1	0	0	0	0	0	0	0	0	0	0	0	1	1	2455	1460	913	1227	2312	567
1308	40.856098	111.667999	61	3541	226	16568	12	4	0	1	3	0	0	1	2	2	2	0	0	2	1	3	0	8	17	8	2585	1443	3336	2615	2168	4421
1078	40.836601	111.661003	177	4568	337	21218	9	2	5	2	5	1	3	3	1	3	3	0	0	2	3	0	0	9	19	14	2139	1916	4088	5427	5520	2128
1467	40.8606	111.696999	63	2082	206	7224	0	0	3	0	0	0	0	0	0	0	3	0	0	0	0	2	0	5	0	3	182	249	2288	1979	1777	749
616	40.7598	111.676003	145	5075	284	27039	0	0	0	0	0	0	1	0	0	0	0	0	0	0	0	0	0	0	1	0	1725	1906	4321	5840	3758	9489
1498	40.810699	111.754997	83	2259	176	4001	0	0	0	0	0	0	1	0	0	0	0	0	0	0	0	0	0	0	1	0	1188	799	277	289	580	868
1535	40.837399	111.739998	77	1490	137	3129	22	5	1	0	3	3	1	0	1	2	2	0	0	0	0	1	0	6	26	9	64	120	1529	568	794	54
1015	40.7869	111.704002	86	2851	191	7972	8	0	2	0	8	0	1	0	1	2	1	0	0	1	0	3	0	5	12	10	499	354	1794	1853	1819	1653
1528	40.837101	111.737999	68	1669	149	4497	24	5	1	0	3	3	1	0	1	3	2	0	0	1	0	1	1	8	29	9	316	733	1177	1432	807	32
1480	40.869801	111.692001	150	6979	360	38377	1	0	0	0	0	0	1	0	0	0	2	1	0	0	2	1	0	5	3	0	3223	7029	2538	5595	6773	13219
1005	40.789299	111.700996	84	2086	189	8084	9	2	1	0	5	0	0	0	1	1	1	0	0	2	0	3	0	6	11	8	13	236	3636	1995	1846	358
471	40.790001	111.547997	153	2775	208	7684	0	0	0	0	0	0	0	0	0	0	0	0	0	0	0	2	0	2	0	0	832	1061	1345	1923	1593	930
607	40.804901	111.628998	119	940	128	2401	4	0	0	0	1	0	0	0	2	0	2	0	0	0	0	2	0	4	6	1	340	274	673	420	536	158
1534	40.839001	111.737999	106	720	140	2129	24	5	2	0	7	3	1	0	1	3	4	0	0	1	0	1	0	9	29	14	97	651	215	591	466	109
1497	40.838741	111.726936	80	1369	134	2782	19	1	6	1	6	1	2	1	4	4	1	0	0	1	2	2	0	7	30	14	245	497	302	1063	474	201
1448	40.820202	111.733002	102	1382	143	3304	9	0	2	1	5	0	0	1	3	1	3	1	0	1	0	1	0	5	15	8	255	228	606	583	1146	486
1085	40.8367	111.662003	118	6001	403	30399	10	3	7	2	6	1	3	3	3	3	3	0	0	2	3	0	0	9	22	18	6530	3812	7142	5551	4611	2753
1544	40.84	111.742996	50	919	157	2411	10	3	7	0	6	2	0	0	0	1	6	0	0	1	1	0	2	12	11	16	47	120	1255	690	285	14
1524	40.815399	111.758003	49	1700	116	4647	1	0	0	0	0	0	0	0	0	0	0	0	0	0	0	2	0	2	1	0	0	103	1589	1688	925	342
1395	40.8102	111.727997	57	1381	187	3444	0	0	0	0	0	1	1	0	0	0	0	0	0	0	0	0	0	1	1	0	375	443	466	286	516	1358
643	40.775799	111.666	67	2873	161	6358	2	0	0	0	1	0	1	0	0	0	0	0	0	0	0	0	0	0	3	1	839	476	868	849	1166	2160
917	40.782001	111.700996	67	2384	151	4554	9	0	1	0	4	0	0	0	1	1	0	0	0	0	0	0	0	0	11	5	332	507	815	923	1074	903
1100	40.850601	111.650002	99	2333	198	7096	3	0	0	0	2	1	0	0	4	0	5	0	0	0	0	1	0	7	7	2	1125	287	799	1593	1510	1782
986	40.839001	111.650002	126	4807	306	21554	10	3	6	0	5	2	6	0	3	0	5	0	0	0	3	1	0	11	19	14	2040	1532	3015	4094	3332	7541
756	40.827599	111.639	76	3903	234	10017	2	1	4	0	2	1	0	0	2	0	0	0	0	0	1	0	0	2	4	7	2004	2897	2256	1106	802	952
1233	40.856701	111.658997	79	782	136	2135	3	0	1	0	1	0	0	0	0	0	1	2	0	0	0	2	0	3	5	2	0	25	1054	659	255	142
1529	40.824947	111.750877	69	3906	184	11280	1	0	0	0	0	0	0	0	0	0	0	0	0	0	0	1	0	1	1	0	518	832	3990	2855	2117	968
872	40.792099	111.685997	62	2226	144	5187	15	0	0	0	3	0	0	1	4	1	5	0	0	1	0	1	0	7	21	3	1565	1284	1042	358	718	220
1532	40.840401	111.736	91	870	127	1798	22	4	2	0	7	3	1	0	1	2	3	0	0	0	0	1	0	7	26	13	472	409	372	225	211	109
928	40.790199	111.694	70	2288	195	7892	13	1	3	0	4	0	1	3	4	1	7	0	0	1	0	1	0	9	22	8	1	118	3214	2916	1620	23
1454	40.82457	111.730064	49	1393	171	2812	9	0	3	2	5	0	0	2	0	1	1	0	0	3	1	0	0	5	12	10	145	128	724	929	702	184
1475	40.871899	111.689003	102	4494	290	22883	0	0	0	0	0	0	0	0	0	0	0	0	0	0	1	0	0	1	0	0	1655	3021	1234	2635	5321	9017
1030	40.789902	111.702003	74	1570	154	4782	10	2	1	0	6	0	2	0	28	1	1	0	0	2	0	3	0	6	41	9	231	385	1260	632	647	1627
1361	40.848	111.682999	125	2963	298	11723	12	4	2	1	6	2	3	2	3	2	2	0	0	3	2	0	0	9	22	13	0	2275	2072	2736	1971	2669
1507	40.815201	111.752998	48	1845	178	5164	0	1	0	0	0	0	0	0	0	0	0	0	0	0	1	1	0	2	0	1	236	193	1444	1340	1071	880
854	40.778	111.698997	58	1181	127	2294	2	0	0	0	0	0	0	0	0	1	0	0	0	1	0	1	0	2	3	0	193	246	1079	331	232	213
1347	40.8619	111.667	88	1602	108	2696	8	2	2	1	2	0	0	1	1	1	5	0	0	1	0	0	0	6	11	7	360	437	746	282	518	353
1437	40.8456	111.702003	71	4260	171	9021	10	0	8	0	5	0	5	4	7	1	0	0	0	1	2	3	0	6	27	13	2006	2281	1402	1091	855	1386
1457	40.834499	111.721001	99	955	131	1933	34	4	6	0	12	0	3	2	6	3	2	0	0	1	6	1	0	10	48	22	109	213	404	660	513	34
417	40.476501	111.792	61	1175	151	2476	0	0	0	0	0	0	0	0	0	0	0	0	0	0	1	0	0	1	0	0	12	33	818	739	763	111
1229	40.802601	111.711998	68	914	131	3245	6	1	2	0	6	0	0	1	1	0	1	0	0	0	1	0	0	2	8	9	248	1024	705	533	640	95
1096	40.800301	111.699997	107	1126	158	2230	30	2	8	0	12	0	0	2	5	2	1	1	0	1	10	0	0	12	40	22	559	338	494	537	197	105
1251	40.839298	111.678001	44	2664	112	4742	36	2	7	0	12	0	3	3	6	5	2	0	0	4	1	0	0	7	53	21	38	95	1623	1403	1446	137
491	40.794601	111.555	96	1162	127	2667	4	0	0	0	2	0	1	0	0	0	3	0	0	0	0	1	0	4	5	2	0	20	1146	908	584	9
1443	40.816509	111.734344	71	594	124	1733	12	0	1	0	2	0	0	1	3	1	0	1	0	0	0	1	0	1	18	3	45	284	190	357	402	455
864	40.780499	111.696999	50	2601	112	4964	3	0	0	0	1	0	0	0	0	0	0	0	0	0	0	1	0	1	3	1	581	643	926	1183	888	743
1533	40.828487	111.748276	51	2127	192	6178	1	0	0	0	0	0	0	0	0	0	0	0	0	0	0	1	0	1	1	0	237	542	1720	1725	1826	128
704	40.8228	111.636002	43	2647	137	4132	4	1	4	0	0	0	1	0	4	2	2	0	0	2	0	0	0	4	11	5	395	399	944	843	926	625
375	40.380299	111.825996	48	1976	137	4624	8	0	8	0	4	1	2	4	5	1	1	0	0	1	2	0	1	6	20	12	615	275	695	1147	839	1053
100	40.1973	111.348	73	2294	202	6907	1	0	0	0	3	0	1	0	0	0	0	0	0	0	3	0	0	3	2	3	166	980	2366	1720	1362	313
1520	40.821701	111.750999	52	1529	117	2835	1	0	0	0	0	0	0	0	0	0	0	0	0	0	0	1	0	1	1	0	124	281	476	713	546	695
1465	40.814499	111.742996	49	1275	113	3160	0	0	0	0	1	0	0	0	0	0	0	0	0	0	0	0	0	0	0	1	286	374	1260	822	317	101
1058	40.8536	111.641998	62	915	134	5307	0	0	0	0	1	0	0	0	0	0	1	0	0	0	0	1	0	2	0	1	234	2153	384	822	404	1310
1364	40.844101	111.686996	56	4344	239	15557	22	4	7	0	6	1	5	1	3	1	2	0	0	4	5	2	0	14	32	17	1304	1860	927	3078	4020	4368
860	40.781399	111.695999	59	1642	126	4890	3	0	0	0	1	0	0	0	0	0	0	0	0	0	0	0	0	0	3	1	407	353	2023	1015	830	262
1033	40.855202	111.637001	51	1275	93	2136	0	0	0	0	0	0	0	0	0	0	1	0	0	0	0	0	0	1	0	0	425	289	152	492	323	455
1187	40.853901	111.654999	48	632	137	1528	8	3	3	0	0	0	0	0	0	0	1	1	0	0	0	3	1	5	9	6	8	36	532	346	470	136
1174	40.803902	111.703003	31	506	99	1132	24	1	6	0	12	0	2	1	6	3	1	1	0	2	4	0	0	7	37	19	66	92	216	202	490	66
1108	40.8503	111.651001	79	811	151	3147	4	2	0	0	2	1	0	0	4	0	5	0	0	0	0	0	0	6	8	4	269	75	1371	745	414	273
1363	40.857651	111.673401	36	1603	137	4079	3	2	0	0	0	0	1	0	0	0	0	0	0	0	0	1	0	1	4	2	800	482	306	844	367	1280
1502	40.805698	111.761002	41	957	120	1974	0	0	0	0	0	0	0	0	0	0	0	0	0	0	0	1	0	1	0	0	66	367	261	358	203	719
693	40.814602	111.641998	43	2371	152	5608	17	4	4	1	8	2	4	0	2	1	1	0	1	1	1	1	0	7	24	17	970	663	1156	913	1147	759
957	40.7836	111.703003	41	1791	133	3678	10	0	2	0	6	0	1	0	1	2	0	0	0	1	0	1	0	2	14	8	330	713	347	807	867	614
96	40.198101	111.342003	35	1316	108	3463	0	0	0	0	0	0	1	0	0	0	0	0	0	0	0	0	0	0	1	0	225	246	931	389	998	674
920	40.7542	111.728996	41	2033	97	3030	0	0	0	0	1	0	0	0	0	0	0	0	0	0	0	1	0	1	0	1	420	458	536	309	472	835
1095	40.850201	111.650002	62	1120	121	2343	3	0	0	0	2	1	0	0	4	0	5	0	0	0	0	1	0	7	7	2	127	146	498	457	697	418
941	40.77	111.714996	31	687	114	1663	0	0	0	0	0	0	0	0	0	0	0	0	0	0	0	1	0	1	0	0	93	0	767	442	341	20
1253	40.857399	111.660004	55	1032	86	1771	6	2	0	0	1	0	0	1	1	1	0	1	0	0	0	2	0	2	10	3	210	37	353	366	433	372
1335	40.816502	111.710999	61	588	128	1417	42	6	4	1	14	1	4	1	3	3	0	0	0	3	5	2	0	11	53	25	113	136	200	524	331	113
630	40.775299	111.664001	38	249	44	542	2	0	0	0	1	0	1	0	1	0	0	0	0	0	0	0	0	0	4	1	26	140	78	22	137	139
310	40.106098	111.967003	30	681	84	1728	1	0	0	0	0	0	0	0	0	0	0	0	0	0	0	0	0	0	1	0	82	509	269	332	311	225
615	40.759899	111.675003	90	257	98	1906	2	0	0	0	0	0	1	0	0	0	0	0	0	0	0	0	0	0	3	0	0	0	0	0	282	1624
1499	40.815701	111.75	19	282	46	592	0	1	0	0	0	0	0	0	0	0	0	0	0	0	1	1	0	2	0	1	11	9	124	129	245	74
1567	40.830002	111.764	29	1410	81	2809	1	0	0	0	0	0	0	0	0	0	0	0	0	0	0	2	0	2	1	0	353	410	703	538	695	110
1472	40.8284	111.731003	29	343	73	816	12	0	3	1	3	0	3	2	3	0	1	0	0	1	2	0	0	4	20	7	54	112	278	192	155	25
654	40.790699	111.653999	36	944	75	4843	14	2	4	2	8	1	3	1	5	1	1	0	1	1	3	2	0	9	24	16	2175	1576	354	416	253	69
1548	40.838799	111.745003	44	589	61	1081	9	2	5	0	3	1	1	1	0	0	4	0	0	0	2	0	1	8	11	10	8	64	476	173	334	26
906	40.782501	111.699448	25	1573	89	3592	7	0	1	0	2	0	0	0	1	1	0	0	0	0	0	1	0	1	9	3	260	521	909	640	780	482
1474	40.807899	111.752998	28	333	34	756	2	0	0	0	0	0	1	0	0	0	0	0	0	0	0	0	0	0	3	0	77	110	240	111	161	57
1266	40.837898	111.681	33	867	99	2241	45	4	6	0	10	0	2	3	4	2	8	0	0	2	0	2	0	12	56	20	19	31	712	839	554	86
845	40.8354	111.640999	45	853	113	2266	5	2	2	0	2	0	3	1	1	0	1	0	0	0	1	0	0	2	10	6	0	17	905	770	574	0
1185	40.807701	111.700996	54	1000	125	2513	20	3	2	0	5	1	7	2	7	3	0	0	0	3	2	0	1	7	39	10	66	251	854	717	519	106
1200	40.797901	111.712997	20	353	68	955	8	0	4	0	1	0	0	1	0	0	1	0	0	0	0	0	0	1	9	5	0	1	387	413	154	0
843	40.779892	111.696327	38	1959	147	7140	3	0	0	0	1	0	0	0	0	0	0	0	0	0	0	1	0	1	3	1	2291	175	372	1656	336	2310
1135	40.796299	111.707001	28	3176	110	14039	17	1	4	0	10	0	2	2	32	0	1	0	0	0	1	1	0	3	53	15	4913	4109	1516	538	1358	1605
1447	40.840801	111.711998	25	470	52	939	12	2	2	0	3	0	0	3	1	0	3	0	0	0	0	3	0	6	16	7	149	318	215	135	72	50
1370	40.85873	111.673943	27	434	79	1426	1	0	0	0	0	0	1	0	0	0	0	0	0	0	0	0	0	0	2	0	120	94	164	67	449	532
1516	40.820499	111.751999	20	621	75	1208	1	0	0	0	0	0	0	0	0	0	0	0	0	0	1	0	0	1	1	0	0	1	476	412	318	1
104	40.200901	111.347	32	537	78	1532	1	0	0	0	2	0	1	0	0	0	0	0	0	0	3	0	0	3	2	2	2	18	513	190	562	247
1075	40.773201	111.723999	24	537	70	1180	4	0	0	0	1	0	0	0	0	0	0	0	0	0	0	0	0	0	4	1	101	4	507	310	205	53
566	40.819801	111.598999	28	630	76	1284	0	0	0	0	0	0	0	0	0	0	1	0	0	0	0	0	0	1	0	0	428	35	220	419	136	46
1165	40.775101	111.731003	37	1121	82	2595	1	0	0	0	0	0	0	0	0	0	0	0	0	0	0	1	0	1	1	0	558	269	309	280	345	834
1060	40.795654	111.700348	20	858	72	1556	25	3	3	0	11	0	2	1	34	1	1	0	0	2	9	1	0	13	63	17	326	213	139	161	133	584
1284	40.812901	111.708	29	358	61	688	35	8	4	2	10	1	1	1	2	2	0	0	0	4	5	2	0	12	41	24	1	35	308	131	198	15
951	40.7826	111.703003	32	1841	102	4246	12	0	2	0	6	1	1	1	2	1	0	0	0	0	0	1	0	2	17	8	0	0	811	846	1360	1229
1179	40.802502	111.705002	24	533	48	795	15	0	5	0	10	0	1	1	2	1	1	1	0	0	4	0	0	5	21	15	61	36	443	99	151	5
1488	40.811001	111.752998	18	173	38	362	2	1	0	0	0	0	1	0	0	0	0	0	0	0	0	1	0	1	3	1	98	4	38	26	90	106
538	40.813202	111.583	32	477	74	1231	0	0	0	0	0	0	0	0	1	0	0	0	0	0	0	0	0	0	1	0	2	14	351	717	141	6
1492	40.8251	111.739998	35	304	40	472	1	0	0	0	0	0	0	0	0	0	0	0	0	0	0	0	0	0	1	0	0	0	62	300	108	2
608	40.807201	111.626999	25	345	63	1311	10	2	1	0	2	0	1	0	2	0	5	0	0	2	1	2	0	10	13	5	682	108	174	152	171	24
1161	40.775318	111.73037	31	572	89	1691	2	0	0	0	1	0	0	0	0	0	0	0	0	0	0	1	0	1	2	1	7	51	958	357	135	183
1633	40.858601	111.818001	26	971	93	2110	4	0	1	0	2	0	0	0	0	0	1	0	0	0	0	0	0	1	4	3	22	247	588	598	535	120
1142	40.775002	111.728996	24	1242	90	3013	5	0	0	0	1	0	0	0	0	0	0	0	0	0	0	1	0	1	5	1	21	71	1486	789	549	97
1046	40.802299	111.692001	23	408	62	1072	33	4	8	0	12	0	3	1	4	1	1	0	0	1	3	0	0	5	42	24	18	0	202	312	436	104
1199	40.8078	111.703003	35	327	50	598	22	2	1	0	6	1	2	2	5	2	0	0	0	2	2	0	1	6	33	9	222	55	21	232	67	1
1564	40.825401	111.766998	11	208	49	647	1	0	0	0	0	0	0	0	0	0	0	0	0	0	0	0	0	0	1	0	36	350	104	94	33	30
703	40.810699	111.648003	19	1417	41	2802	29	13	7	0	2	1	4	3	1	1	1	1	0	2	0	0	0	4	39	22	425	256	518	528	421	654
617	40.775002	111.661003	14	51	23	169	1	0	0	0	1	0	1	1	1	0	0	0	0	0	0	0	0	0	4	1	20	1	96	15	21	16
1552	40.835499	111.75	7	650	71	1228	7	0	7	0	2	1	0	1	0	0	7	0	0	0	3	0	1	12	8	9	0	0	718	320	190	0
1021	40.766399	111.724998	11	452	71	1066	1	0	0	0	0	0	0	0	0	0	0	0	0	0	0	0	0	0	1	0	0	0	427	323	308	8
945	40.778099	111.707001	12	143	31	417	6	0	0	0	2	2	1	1	1	1	0	0	0	1	0	1	0	4	10	2	0	30	55	13	126	193
1114	40.8508	111.651001	15	73	19	155	5	3	1	0	2	1	0	0	4	0	5	0	0	0	0	1	0	7	9	6	13	1	4	45	42	50
1126	40.851799	111.651001	14	149	31	288	7	3	3	0	2	1	0	0	3	0	6	0	0	0	0	2	0	9	10	8	0	0	35	53	137	63
900	40.783199	111.697998	8	243	31	384	7	0	1	0	2	0	0	0	1	0	1	0	0	0	0	1	0	2	8	3	0	73	99	25	152	35
884	40.792301	111.686996	7	38	21	76	16	1	0	0	2	0	0	3	3	1	7	0	0	1	0	1	0	9	23	3	6	29	3	2	24	12
1549	40.838902	111.745003	6	18	13	41	9	2	5	0	3	1	1	1	0	0	4	0	0	0	2	0	1	8	11	10	0	1	1	12	27	0
1586	40.831402	111.774002	5	141	39	390	1	0	0	0	0	0	0	0	0	0	0	1	0	0	1	0	0	1	2	0	0	0	126	84	180	0
1374	40.8573	111.676003	4	13	6	32	6	0	0	0	1	0	1	0	0	0	0	0	0	0	0	1	0	1	7	1	0	0	11	20	0	1
1113	40.851799	111.650002	9	56	18	122	5	2	1	0	2	1	0	0	2	0	7	0	0	0	0	2	0	10	7	5	36	0	12	60	2	12
1109	40.851299	111.650002	6	27	5	29	4	2	0	0	2	1	0	0	3	0	6	0	0	0	0	2	0	9	7	4	0	0	1	5	21	2
498	40.799	111.558998	2	15	9	24	6	0	1	0	4	0	0	0	0	0	5	0	0	0	1	1	0	7	6	5	0	0	11	13	0	0
673	40.807201	111.643997	8	104	10	114	10	4	3	0	3	0	2	1	6	0	2	0	0	1	2	2	0	7	19	10	20	6	0	82	6	0
1117	40.8521	111.650002	5	13	15	35	7	2	3	0	2	1	0	0	2	0	7	0	0	0	0	2	0	10	9	7	2	0	9	24	0	0
1479	40.816799	111.745003	4	25	10	47	0	1	0	0	1	0	0	0	0	0	0	0	0	0	1	1	0	2	0	2	0	6	24	10	3	4
968	40.779999	111.708	5	19	4	22	11	0	1	0	6	2	1	1	1	1	0	0	0	0	0	0	0	2	15	7	0	0	11	5	3	3
493	40.800301	111.552002	2	2	3	3	2	0	1	0	0	0	0	0	0	0	4	0	0	0	0	1	0	5	2	1	0	0	2	1	0	0
1214	40.797798	111.714996	2	3	2	6	7	0	4	0	2	0	0	1	0	0	1	0	0	0	0	0	0	1	8	6	0	0	6	0	0	0
99	40.200802	111.344002	2	877	25	1771	1	0	0	0	1	0	1	0	0	0	0	0	0	0	0	0	0	0	2	1	231	117	164	669	181	409
