755
338 77
339 405
332 53
333 467
330 156
159 346
331 450
158 430
157 99
336 218
156 508
337 278
334 454
155 286
154 639
335 474
748 646
531 502
152 81
601 361
600 495
153 477
530 440
747 395
746 654
150 178
745 506
151 309
535 683
534 284
533 283
749 753
532 583
539 647
740 636
609 239
608 567
538 198
537 555
607 422
606 462
536 402
744 725
605 68
743 681
604 672
742 650
603 334
741 696
602 370
202 119
349 238
203 273
204 738
205 542
200 102
201 385
341 384
169 497
342 120
343 279
344 712
206 617
345 34
166 254
165 419
207 74
346 268
347 26
208 64
168 216
348 434
167 140
209 256
735 734
409 666
3 228
540 245
161 272
734 635
162 188
408 12
2 1
737 727
163 449
542 122
1 0
736 717
164 541
0 112
541 320
739 731
544 668
7 44
405 358
738 740
404 386
543 109
6 20
407 138
5 78
340 293
546 377
406 723
545 706
160 124
4 2
548 406
401 212
547 642
400 91
403 553
9 137
549 622
8 70
402 303
731 409
730 590
733 742
732 410
211 142
212 586
210 453
318 664
215 660
216 444
319 25
213 11
316 376
317 540
214 538
314 656
219 431
179 163
315 499
178 217
217 190
312 172
177 357
218 588
313 259
176 331
310 578
311 221
513 529
170 515
418 436
417 439
729 408
512 391
171 189
728 698
416 222
511 326
727 161
510 282
415 328
726 691
623 543
174 276
725 729
622 637
175 155
621 604
724 43
172 207
723 735
173 688
419 564
620 550
410 500
722 466
627 89
721 634
626 544
720 749
625 670
519 290
518 716
624 343
517 224
414 280
413 652
516 557
629 677
515 524
412 486
411 173
514 145
628 203
220 83
221 596
222 327
223 277
327 613
224 325
225 404
328 56
226 103
329 305
227 86
228 432
188 399
323 200
324 571
229 484
187 82
325 300
326 438
189 255
709 584
320 332
321 194
322 676
717 732
427 594
522 42
716 618
521 494
180 100
426 213
719 473
524 392
429 269
181 298
718 649
523 592
428 274
182 335
713 659
610 638
183 324
712 744
184 425
715 472
185 208
520 295
612 362
714 690
186 657
611 202
614 363
613 546
529 337
711 746
616 456
421 196
710 629
615 135
420 289
526 496
618 146
423 35
525 733
617 522
422 483
425 697
528 244
619 581
424 516
527 393
116 66
117 493
114 711
115 250
571 572
112 97
570 684
113 153
110 397
111 429
118 41
119 520
435 479
436 621
433 630
434 121
431 36
432 501
700 356
430 679
703 726
574 612
704 549
575 387
572 623
701 59
702 719
573 680
707 700
578 437
439 390
708 748
579 394
705 705
576 507
437 475
577 741
438 323
706 348
125 663
126 610
300 482
127 424
128 85
121 17
302 199
580 246
301 133
122 193
123 154
304 88
582 270
581 692
303 210
124 338
306 614
305 143
308 176
307 237
129 702
309 243
444 27
445 451
446 694
447 333
440 554
441 306
442 605
443 57
583 569
584 503
120 398
585 266
586 619
587 470
448 261
588 389
449 364
589 558
134 595
135 130
132 413
133 253
138 51
139 551
136 62
137 375
450 537
453 307
454 281
451 708
452 713
457 304
458 573
455 631
558 626
456 643
559 342
556 534
557 354
459 678
554 644
555 360
552 710
131 184
553 747
130 318
550 215
551 722
143 351
144 297
560 513
145 32
146 131
147 177
148 241
149 661
461 518
460 517
462 519
463 521
464 703
465 214
569 665
466 407
467 446
468 365
469 695
565 616
566 704
567 181
568 110
140 22
561 314
562 382
563 489
142 31
141 98
564 227
687 111
686 640
689 141
688 19
683 750
682 730
685 686
684 548
680 699
681 76
678 523
677 136
676 412
675 682
674 182
673 570
672 624
671 248
679 701
670 373
696 628
695 505
694 728
693 421
699 562
698 724
697 267
691 709
692 693
690 671
646 147
647 275
648 344
649 457
642 547
195 63
194 563
643 536
644 720
197 689
196 685
645 372
191 33
190 101
193 552
640 204
641 715
192 170
198 73
199 420
505 459
506 579
639 418
503 226
504 197
637 490
509 265
638 371
635 598
507 341
636 673
508 589
633 603
634 240
631 645
632 535
501 576
502 108
630 13
500 488
668 627
669 355
660 381
661 648
662 574
663 674
664 452
665 675
666 718
667 545
754 751
659 69
752 737
657 247
753 754
658 366
750 745
751 249
651 739
652 752
650 423
655 383
656 388
653 736
654 509
35 655
36 330
33 48
34 113
39 21
37 460
38 262
43 264
42 49
41 65
40 46
22 5
23 84
24 79
25 312
26 93
27 47
28 148
29 6
30 149
32 29
31 174
19 229
17 4
18 510
15 220
16 28
13 71
14 14
11 45
12 3
21 60
20 37
10 187
79 95
78 118
77 10
82 157
83 127
80 38
81 39
86 96
87 158
84 128
85 492
67 175
66 183
69 285
68 315
70 116
71 151
72 30
73 9
74 117
75 126
76 291
59 94
58 252
57 374
56 115
55 185
64 206
65 50
62 8
63 428
60 580
61 7
49 150
48 251
45 329
44 271
47 114
46 123
51 317
52 205
53 230
54 480
50 139
487 556
281 416
486 743
280 401
485 455
484 67
285 539
284 367
489 582
283 491
282 511
488 313
288 601
289 165
286 340
287 319
482 426
483 447
480 560
481 561
474 359
473 92
476 565
270 242
475 600
478 714
272 179
477 662
271 379
274 599
479 721
273 514
275 299
276 316
277 415
278 339
279 236
470 336
471 58
472 107
109 90
108 192
107 16
106 61
105 162
104 593
103 667
102 526
99 129
101 606
100 347
98 396
595 369
594 476
97 152
597 471
96 40
391 75
596 653
390 195
95 296
94 577
393 166
599 378
392 531
598 448
93 234
395 105
92 72
394 219
91 350
294 464
90 15
293 641
499 223
296 525
295 171
496 403
290 263
495 417
292 533
498 294
497 633
291 528
491 487
492 469
493 532
494 609
297 132
298 191
299 485
490 180
396 458
397 167
398 504
399 106
590 585
591 349
592 611
88 233
593 559
89 308
240 498
241 608
383 302
384 231
381 311
382 443
380 625
389 353
388 368
387 461
386 80
385 232
245 527
244 445
243 597
242 52
249 257
248 463
247 587
246 287
230 310
370 669
371 651
372 301
373 54
379 322
378 707
239 620
375 225
374 566
377 465
376 427
232 607
231 481
234 658
233 164
236 235
235 352
238 321
237 168
262 159
263 292
260 24
261 632
361 530
362 435
360 602
366 260
365 615
364 160
363 104
369 468
368 211
367 380
269 345
268 441
267 87
266 414
265 258
264 209
250 400
251 568
252 478
350 144
351 512
353 687
352 591
355 411
354 186
357 169
356 442
359 134
358 201
258 18
257 23
259 288
254 125
253 575
256 433
255 55
