平均值	0.0024193543264464856	0.0014796201603411666	0.001664343358615658	0.0027716181642091046	5.521596385283494E-4	4.942817973482001E-4	5.677930265624512E-4	3.2955488176573955E-4	5.986985065922541E-4	5.766383690689039E-4	8.707347869886509E-4	7.172927895168814E-4	6.045934207105782E-4	5.008955317273221E-4	7.140888746366241E-4	2.824717533935113E-4	2.789801190938342E-4	4.965179223713424E-4	6.268000582514607E-4	8.349260370214629E-4	4.2383096885795387E-4	0.0026724269998841914	0.00271203701985625	0.0030235507983233925	0.0027141338101650627	0.0027711940802028724	0.0025968298893983793
SiteId	Latitude	Longitude	UserCount	MinuteCount	URICount	TotalCount	美食	休闲娱乐	购物	结婚	宾馆酒店	旅游景点	教育培育	生活服务	医疗服务	丽人	汽车服务	运动健身	商务服务	机构	金融银行	楼宇小区	交通出行	工作区	生活区	商业区	timeZone1	timeZone2	timeZone3	timeZone4	timeZone5	timeZone6
971	40.828098	111.660004	6422	8415	842	152578	58	5	13	0	30	2	6	4	6	3	2	0	1	5	11	1	1	23	77	48	14784	16775	40259	34167	40617	5976
1047	40.801399	111.693001	6996	8641	896	448614	23	3	7	0	9	0	3	0	5	0	0	0	0	0	2	0	0	2	31	19	24251	36110	161243	90966	116403	19641
1043	40.803001	111.691002	6117	8648	867	371944	34	4	11	1	12	0	2	3	4	1	5	0	0	2	2	0	0	9	44	28	44424	37998	110579	79314	82896	16733
614	40.776901	111.657997	5073	8728	834	150503	0	0	0	0	0	0	1	1	1	0	1	0	0	0	0	0	0	1	3	0	11530	18735	33507	26593	33351	26787
1066	40.8055	111.691002	5893	8630	844	256749	55	4	14	1	13	1	6	3	4	3	1	1	0	3	3	0	1	9	72	32	37049	28824	60660	56503	56611	17102
1512	40.8357	111.73394	5095	8485	813	131494	29	5	1	0	4	3	3	1	4	4	1	0	0	1	0	3	1	9	41	10	15489	20392	29595	22974	35002	8042
1098	40.814499	111.685997	5590	8401	820	159507	31	6	4	1	15	2	4	1	4	3	1	1	0	4	7	0	4	18	44	26	6573	9385	50845	34528	38380	19796
656	40.791801	111.653999	4501	8427	817	114760	13	1	4	2	6	1	3	1	5	2	1	0	1	2	5	2	0	12	24	13	14886	16323	26785	23490	27096	6180
915	40.84053	111.642311	4951	8793	862	191281	1	0	1	0	0	0	4	0	3	0	0	0	0	0	0	2	0	2	8	1	15269	22102	39856	32933	44782	36339
901	40.832152	111.649285	5224	8164	729	82160	5	0	6	0	6	1	1	0	3	0	3	0	0	0	4	0	2	10	9	12	11559	12649	18777	14191	19957	5027
1344	40.839699	111.689003	4272	8357	804	132760	40	5	10	0	11	2	2	4	7	2	0	0	0	2	4	3	1	12	55	26	10393	13374	32647	31300	38968	6078
684	40.807098	111.648003	5085	8790	819	178129	25	1	3	0	3	0	8	3	3	1	2	1	0	1	0	1	0	4	41	7	18737	21112	32513	33025	36028	36714
892	40.824525	111.655892	4281	8784	847	202951	59	4	9	0	23	1	7	3	17	2	2	0	0	3	8	1	0	15	88	36	21344	20418	46669	38781	43428	32311
725	40.815399	111.648003	5296	8714	811	147670	33	17	6	1	4	2	4	4	2	2	2	0	0	3	1	1	0	9	45	28	9757	12714	31811	31009	38350	24029
1086	40.810001	111.689003	5557	8330	795	149347	42	6	13	0	7	1	7	4	4	3	2	1	0	2	6	1	2	14	61	26	10608	14190	46963	30559	40656	6371
1545	40.837	111.746013	4226	8492	830	200884	6	3	4	0	1	2	0	1	0	0	4	0	0	0	2	0	1	9	7	8	14124	22594	61302	44907	51102	6855
1304	40.828499	111.695	5309	8795	818	251882	49	10	12	1	19	5	5	3	1	2	1	0	1	3	9	3	4	26	60	42	23558	24302	63150	51813	56890	32169
904	40.827801	111.653999	3856	8452	788	127145	39	2	5	0	16	1	2	3	5	0	2	0	0	1	7	1	2	14	49	23	17537	16879	32574	24398	28871	6886
1668	40.8983	111.838997	5244	8308	903	262324	1	0	0	0	0	0	0	0	0	0	0	0	0	0	0	0	0	0	1	0	5274	5834	106766	48282	61946	34222
763	40.819801	111.648003	4615	8654	764	133116	19	3	3	1	5	1	3	3	1	1	1	0	0	1	2	1	0	6	27	12	9630	12862	31524	29156	29515	20429
1019	40.859249	111.632004	4492	8604	834	182107	0	0	0	0	0	0	0	0	0	0	1	0	0	0	0	0	0	1	0	0	16570	16656	33503	34638	39237	41503
1245	40.8419	111.675003	4755	8768	819	188699	59	4	8	1	14	1	3	5	5	7	2	1	0	6	4	0	1	14	80	27	12846	14405	38310	43841	45516	33781
605	40.766102	111.667	4017	8787	856	188031	2	0	0	0	0	0	0	0	0	0	0	0	0	0	0	0	0	0	2	0	15496	22861	40129	31641	37713	40191
599	40.7915	111.639999	3618	8550	813	133741	8	0	6	0	2	0	2	1	2	0	3	0	0	1	0	1	0	5	13	8	16705	23694	28022	21774	34339	9207
633	40.803101	111.637001	3503	8613	821	198408	13	2	8	0	5	0	2	4	7	1	5	0	0	0	3	1	0	9	27	15	31347	36080	43288	34030	41637	12026
1149	40.815899	111.689003	4520	8737	808	162181	33	6	5	0	13	1	5	3	17	3	2	1	1	2	7	1	2	16	62	24	9418	15835	32400	34450	35644	34434
677	40.8032	111.649002	3853	8394	746	123807	31	8	3	0	6	0	6	4	2	3	5	0	0	2	1	3	0	11	46	17	14438	17560	29117	26878	30121	5693
1188	40.808102	111.700996	4610	8544	793	168522	21	2	3	0	5	1	6	2	9	3	0	0	0	3	4	0	1	9	41	10	20052	21663	41180	33060	43082	9485
553	40.775799	111.635002	3434	8784	853	162947	0	0	0	0	0	0	0	0	0	0	0	0	0	0	0	2	0	2	0	0	17258	21293	24496	24179	31544	44177
1106	40.835999	111.665001	4607	8223	809	143364	15	9	10	2	9	1	3	4	5	3	4	0	0	2	5	0	0	12	30	30	9932	14327	50457	26150	37972	4526
690	40.816299	111.639999	4526	8751	782	148913	12	2	5	0	8	2	3	0	4	1	0	0	1	0	2	1	0	6	20	15	15012	15261	23629	27733	36023	31255
631	40.788502	111.651001	3756	8518	814	136564	2	1	1	0	2	1	1	0	0	0	1	0	0	0	0	1	0	3	3	4	14409	23218	31671	26801	32738	7727
935	40.76997	111.714699	3189	8842	846	231262	0	0	0	0	0	0	0	0	0	0	0	0	0	0	0	1	0	1	0	0	23642	26656	43142	39870	47090	50862
548	40.793701	111.614998	2793	8462	814	132674	4	0	2	1	2	0	1	0	0	0	0	0	0	1	0	0	0	1	5	5	13259	22596	31355	26512	31444	7508
1496	40.8755	111.690002	2689	8748	877	187219	0	0	0	0	0	0	0	0	0	0	1	0	0	0	0	0	0	1	0	0	12534	23626	42024	33739	37060	38236
808	40.852059	111.620455	3956	8757	870	316046	0	0	0	0	2	0	0	0	0	0	0	0	0	0	0	0	0	0	0	2	8708	18543	110795	57107	83309	37584
1263	40.8466	111.671997	4051	8827	834	279832	25	3	0	0	12	1	3	0	2	1	0	0	0	1	3	0	1	6	31	15	33992	23043	62071	48175	58729	53822
698	40.808899	111.649002	4259	8538	781	120713	27	3	7	0	4	0	7	7	3	1	2	1	0	2	0	1	0	5	46	14	10196	9058	22597	28762	30753	19347
1669	40.9016	111.837997	4242	8841	902	335664	0	0	0	0	1	0	0	0	0	0	0	0	0	0	0	0	0	0	0	1	20221	22957	104641	62197	71396	54252
436	40.493649	111.787767	3477	8856	903	381949	2	0	0	0	0	0	1	0	0	0	0	0	0	0	0	0	0	0	3	0	29575	23308	90284	80109	79431	79242
1671	40.896702	111.845001	4328	8787	869	269989	0	0	0	0	0	0	1	0	0	0	0	0	0	0	0	0	0	0	1	0	19131	27969	70288	51859	51571	49171
1482	40.83559	111.726733	4277	8433	773	125730	35	3	9	1	7	1	5	3	7	4	1	0	0	1	7	2	1	13	54	20	10978	15355	28777	29228	35010	6382
460	40.785702	111.537003	3179	8487	830	170467	0	0	0	0	0	0	0	0	0	0	0	0	0	0	0	2	0	2	0	0	13860	24315	53527	32234	38835	7696
1134	40.857201	111.646004	3189	8619	769	120336	0	0	1	0	2	0	0	0	0	0	3	0	0	0	0	2	0	5	0	3	15366	13790	19341	19673	25225	26941
1435	40.86388	111.683207	3356	8662	801	122976	2	1	0	0	1	0	0	1	0	0	0	0	0	0	0	0	0	0	3	2	8024	15973	23729	24074	26790	24386
895	40.8018	111.679001	3233	8497	734	127858	63	6	17	0	11	1	3	4	12	3	1	1	0	4	10	0	2	18	86	34	19681	18561	26602	25511	28451	9052
862	40.829399	111.648003	3996	8159	691	98114	6	0	2	0	5	1	1	1	3	0	1	0	0	0	2	0	1	5	11	7	9145	10271	27905	20576	25129	5088
1082	40.832401	111.666	3789	8365	705	110667	36	4	13	0	16	1	1	4	3	1	4	0	0	1	5	0	2	13	45	33	11249	13024	29768	20077	30886	5663
873	40.851101	111.626999	3905	8788	814	173535	2	0	0	0	2	0	4	0	0	0	1	0	0	0	0	0	0	1	6	2	17765	16857	31904	29895	44625	32489
1699	40.9016	111.849998	4042	8705	843	237290	0	0	0	0	1	0	1	0	0	0	0	0	0	0	0	0	0	0	1	1	13015	12553	64372	47911	53497	45942
464	40.783798	111.544998	2882	7975	855	250277	0	0	0	0	0	0	0	0	0	0	0	0	0	0	0	3	0	3	0	0	8624	14264	96187	55369	70324	5509
817	40.801601	111.671997	3354	8337	757	142979	48	4	8	4	13	1	5	3	7	5	3	1	0	4	7	0	1	16	69	29	12145	18163	41914	29038	36643	5076
1688	40.906799	111.841003	3387	8813	871	275422	0	0	0	0	1	0	0	0	0	0	0	0	0	0	0	0	0	0	0	1	21617	20005	47944	53752	57600	74504
1351	40.816299	111.713997	2881	8243	718	105818	47	3	2	2	13	1	4	3	2	3	0	1	0	3	4	1	0	9	60	20	9948	10708	26480	23992	29012	5678
1444	40.872398	111.679001	1924	8142	852	179523	1	0	0	0	0	0	0	0	0	0	0	0	0	0	0	0	0	0	1	0	17566	22072	31208	24999	34289	49389
1003	40.7971	111.693001	3607	8312	779	138661	19	1	2	0	3	0	0	1	6	2	9	0	0	2	3	0	0	14	28	6	12620	12330	42290	26536	36682	8203
1243	40.843899	111.672997	3893	8527	800	212074	35	4	1	0	13	1	4	2	7	4	0	0	0	3	4	0	1	9	52	18	12267	15527	62314	47135	51432	23399
1297	40.843399	111.679001	3860	8686	813	246610	22	4	4	1	14	2	6	5	6	5	3	0	0	5	1	0	0	11	44	23	14612	17300	70902	45714	57330	40752
1456	40.866402	111.689003	2890	8716	797	133420	0	0	1	0	0	0	0	1	0	0	2	0	0	0	2	1	0	5	1	1	8995	14908	25891	25461	28291	29874
1318	40.85765	111.66798	2861	8789	810	194647	11	4	0	1	2	0	0	1	2	1	1	0	0	1	1	1	0	4	15	7	23437	21629	32204	33729	35200	48448
1242	40.802799	111.713997	2919	8590	808	244852	14	2	2	0	5	1	0	1	0	0	1	0	0	0	1	0	0	3	15	9	53068	43290	52424	45813	37928	12329
664	40.792599	111.655998	3010	8389	723	108006	21	2	6	3	12	1	4	2	7	2	2	0	1	2	5	2	1	14	36	23	13404	17842	26051	20344	23778	6587
1065	40.809399	111.686996	3845	7266	770	132340	36	4	14	0	10	1	7	6	6	3	2	1	0	2	7	1	3	16	59	28	4188	9244	45930	30223	39076	3679
1459	40.83415	111.721478	3867	7819	747	87582	35	4	6	0	12	0	3	2	6	3	2	0	0	1	6	1	0	10	49	22	6758	10009	22493	16823	25684	5815
1390	40.806999	111.730003	2346	8757	822	190770	2	0	0	0	0	1	1	0	0	0	0	0	0	0	0	1	0	2	3	0	10433	19098	48787	39256	43650	29546
1010	40.838699	111.652069	3045	8849	899	307447	9	3	5	0	5	3	5	0	3	0	4	0	0	0	2	0	0	9	17	13	23322	32563	65993	59042	61550	64977
699	40.779457	111.678472	3071	8527	795	107696	2	0	0	0	1	0	0	0	0	0	1	0	0	0	0	1	0	2	2	1	8451	12773	20931	16250	21419	27872
1154	40.84091	111.66438	3431	8494	708	98098	16	5	5	2	8	2	10	2	4	2	2	0	0	1	2	0	0	7	34	20	10081	8291	16777	19371	23053	20525
674	40.805199	111.646004	2758	8791	878	265741	21	4	4	0	4	0	7	3	4	0	3	0	0	0	3	2	0	8	35	12	18871	23694	58875	56368	56455	51478
601	40.794863	111.636652	2390	8506	764	119018	10	0	5	0	3	0	0	1	1	0	3	0	0	0	0	0	0	3	12	8	20883	23487	23388	20487	23854	6919
982	40.838581	111.650002	3471	8671	871	221562	8	3	6	0	4	2	6	0	3	0	4	0	0	0	3	1	0	10	17	13	9980	16389	63742	39119	47326	45006
1224	40.811901	111.702003	3003	8558	833	295163	64	14	9	2	10	1	4	2	9	4	0	0	0	6	4	0	1	12	83	35	18450	20507	100431	59721	81667	14387
1450	40.820801	111.733002	2657	8700	701	102744	10	0	2	1	5	0	0	2	3	0	3	0	0	1	0	1	0	5	15	8	12539	13339	19840	18841	18910	19275
1265	40.813801	111.705002	2881	8635	811	273921	62	14	4	3	9	1	1	3	4	6	0	0	0	6	6	1	0	14	76	30	53234	40915	55556	55209	50236	18771
626	40.764198	111.674004	2676	7601	835	199714	2	0	0	0	0	0	0	0	0	0	0	0	0	0	0	0	0	0	2	0	25496	16181	32961	45719	41494	37863
1442	40.8428	111.708	2743	8689	739	108298	4	1	4	0	4	0	1	4	1	0	1	0	0	0	0	1	0	2	10	9	10081	12238	21542	19599	21604	23234
1369	40.798401	111.734001	2177	8760	811	144947	2	0	1	0	0	0	0	1	1	0	1	0	0	0	0	0	0	1	4	1	12117	17581	28194	25710	29997	31348
558	40.7794	111.635002	2144	8782	813	168619	0	0	1	0	1	0	0	0	1	0	0	0	0	0	0	2	0	2	1	2	17579	25459	21925	21893	33639	48124
477	40.7901	111.551003	2755	8603	827	195304	0	0	0	0	0	0	1	0	0	0	0	0	0	0	0	1	0	1	1	0	27577	29560	41702	36869	44713	14883
1055	40.8363	111.658997	2812	8397	794	133477	7	2	3	1	4	2	2	2	1	1	2	0	0	0	2	0	0	6	13	10	11195	12356	42585	25895	34546	6900
1203	40.815102	111.695999	3031	8547	744	146679	79	16	14	0	23	1	6	3	20	10	0	0	0	7	9	0	0	17	118	53	21711	14599	27600	30736	40515	11518
410	40.47625	111.783302	2475	8494	806	113161	0	0	1	0	1	0	0	0	0	0	0	0	0	0	1	0	0	1	0	2	7666	10000	28848	26065	25655	14927
823	40.820202	111.653999	2695	8825	846	281045	47	5	7	1	21	1	4	4	46	1	2	0	0	1	8	1	0	13	102	34	18610	22208	74514	54560	59066	52087
1332	40.844398	111.682999	3044	8782	829	158821	18	4	6	1	8	2	5	5	3	4	4	0	0	6	1	0	0	13	35	19	15120	15181	34231	28375	33757	32157
980	40.802502	111.685997	2670	8611	825	267022	47	5	20	0	12	1	1	6	11	1	7	0	0	2	8	2	1	21	66	37	39363	26629	71370	53808	57160	18692
1676	40.902401	111.842003	3474	8400	834	191231	0	0	0	0	1	0	0	0	0	0	0	0	0	0	0	0	0	0	0	1	11485	10807	58863	34445	38391	37240
1428	40.825001	111.721001	2434	8501	735	121109	20	5	5	0	10	2	9	1	3	1	1	0	1	2	3	1	0	10	34	20	15657	16473	28917	23104	30228	6730
1300	40.8391	111.683998	2876	8406	710	95503	29	2	7	0	12	0	2	6	2	1	2	0	0	1	0	2	0	5	40	21	17263	14390	18036	17565	21446	6803
62	40.270046	111.208366	1431	8729	784	151631	4	0	0	0	1	0	0	0	0	0	1	0	0	0	0	0	0	1	4	1	9183	16900	23854	32316	33349	36029
1000	40.807999	111.681999	2632	8487	734	135532	57	9	11	1	10	2	3	7	7	4	5	0	0	3	12	1	2	25	78	31	14843	17760	32095	28132	33745	8957
1309	40.847198	111.677002	2964	8639	786	171196	16	3	2	1	6	2	2	3	6	4	2	0	0	3	3	0	0	10	31	12	13568	13997	41059	30887	38112	33573
1382	40.8344	111.700996	2130	8030	776	150151	18	6	11	0	10	2	3	6	5	3	4	0	0	1	2	1	3	13	35	27	20342	27327	32403	31553	30231	8295
568	40.817101	111.601997	2006	8422	751	141221	1	0	0	0	0	0	0	0	0	0	5	0	0	0	0	1	0	6	1	0	10319	15343	42339	32701	33960	6559
1554	40.892799	111.693001	1715	8704	828	188503	0	0	0	0	0	0	1	0	0	0	0	0	0	0	0	0	0	0	1	0	12650	17279	51715	32328	37170	37361
1235	40.809101	111.707001	2908	8208	730	165895	30	3	2	2	6	1	1	2	6	1	0	0	0	4	3	1	1	10	40	13	19270	14874	52972	34881	39405	4493
540	40.7971	111.605003	1890	8745	789	142282	2	0	1	0	0	0	1	1	0	0	1	0	0	0	0	0	0	1	4	1	16713	20269	23693	21460	26644	33503
1273	40.811199	111.708	2582	8451	744	124257	37	5	4	2	10	1	1	2	6	2	0	0	0	4	6	2	1	14	48	21	12693	12993	35239	23964	31568	7800
663	40.814419	111.634003	2531	8235	824	223630	16	1	10	0	7	1	4	5	4	0	4	0	0	1	3	0	0	9	29	18	24804	27007	55609	38259	39290	38661
582	40.795399	111.628998	2127	8301	759	131510	3	0	4	0	0	0	0	2	2	0	1	0	0	0	0	2	0	3	7	4	11796	18469	38116	24674	32894	5561
1405	40.815201	111.724998	2023	8737	750	129969	29	2	2	0	5	2	4	0	3	1	2	0	0	1	2	2	0	9	37	9	13148	12668	19977	24605	25503	34068
1452	40.830299	111.723999	2049	8560	816	180895	38	4	4	0	7	0	5	2	5	1	3	0	0	1	7	0	0	11	51	15	23641	23322	50370	35460	37408	10694
1573	40.875999	111.721001	1701	8674	796	124481	0	0	0	0	0	0	0	0	1	0	0	0	0	0	0	0	0	0	1	0	9205	16580	21554	22036	25090	30016
577	40.807598	111.614998	2165	8340	724	103941	2	0	2	0	2	0	2	2	2	0	1	0	0	0	0	3	0	4	8	4	15411	20112	23242	16756	20205	8215
691	40.8125	111.643997	2470	8718	786	128736	10	6	2	1	6	2	2	2	2	2	0	0	1	3	0	1	0	7	18	15	17044	10824	17955	26418	23547	32948
1012	40.803902	111.686996	2869	7962	737	136259	46	3	13	0	13	1	1	4	9	1	6	0	0	1	5	1	1	15	61	29	12160	10795	45131	28224	33873	6076
669	40.783501	111.667	2141	8763	764	136844	4	0	1	0	2	1	1	0	1	0	1	0	0	0	0	0	0	2	6	3	17960	18920	21206	20863	21627	36268
419	40.490955	111.780132	2719	8543	851	213082	1	0	0	0	0	0	0	0	0	0	0	0	0	0	0	0	0	0	1	0	15984	16310	65266	40702	44729	30091
1413	40.8423	111.699997	2078	8692	715	104661	10	1	16	0	6	2	6	7	2	2	0	0	0	2	5	2	0	11	27	23	14302	12092	13839	16616	19574	28238
1695	40.898201	111.851997	3054	8797	795	193648	0	0	0	0	0	0	2	0	0	0	0	0	0	0	0	0	0	0	2	0	18312	21981	41497	35834	36377	39647
1700	40.901699	111.849998	3136	8548	765	160006	0	0	0	0	1	0	1	0	0	0	0	0	0	0	0	0	0	0	1	1	14206	18326	35655	28955	33272	29592
644	40.8116	111.630997	2424	8463	738	107777	13	1	8	0	8	1	4	5	4	0	6	0	0	2	2	0	0	11	26	17	16637	15107	26869	19926	22775	6463
1175	40.803001	111.704002	2649	8319	723	153541	18	0	6	0	12	0	2	1	3	1	1	1	0	0	5	0	0	6	26	18	37514	25329	31747	28098	21742	9111
603	40.757599	111.674004	2379	8841	833	329732	0	0	0	0	0	0	2	0	0	0	0	0	0	0	0	0	0	0	2	0	39532	29365	58974	66835	67226	67800
1691	40.897999	111.850998	2542	8681	832	226008	0	0	0	0	0	0	1	0	0	0	0	0	0	0	0	0	0	0	1	0	22862	24041	40803	39529	44481	54292
1144	40.801102	111.703003	2814	7699	719	89019	26	2	7	0	14	0	0	2	6	2	1	1	0	1	10	0	0	12	37	23	7728	8569	26963	17393	23405	4961
1121	40.8134	111.689003	2574	8557	758	140293	38	7	8	0	14	1	8	3	7	4	1	1	0	3	8	0	3	16	61	29	19303	12601	27410	21845	26499	32635
947	40.784199	111.700996	1938	8710	743	131542	11	0	1	0	6	0	1	0	1	2	1	0	0	1	0	2	0	4	15	7	11066	14150	29291	29220	28336	19479
751	40.790298	111.676003	1870	8416	671	99167	12	1	5	1	8	0	1	2	3	1	5	0	0	2	2	3	0	12	19	15	18529	19820	19250	17636	17557	6375
1438	40.827801	111.720001	1737	8517	752	144200	28	4	5	0	10	2	7	1	4	1	2	0	1	2	3	1	0	11	41	19	25598	22663	32742	25326	29396	8475
221	40.718601	111.114998	1848	8101	798	132852	0	0	1	0	0	0	1	0	0	0	1	0	0	0	0	0	0	1	1	1	3987	11328	28004	28201	31363	29969
1207	40.837799	111.674004	2411	7525	740	125538	63	9	10	1	13	1	3	3	2	3	5	1	0	4	3	0	0	13	75	33	5521	10805	38719	25572	40700	4221
574	40.769001	111.652	1832	8629	817	120902	0	0	0	0	0	0	0	0	1	0	0	0	0	0	0	0	0	0	1	0	8695	12582	22642	19649	23112	34222
685	40.819599	111.636002	1924	8772	800	193968	5	1	2	0	0	0	1	0	5	2	1	0	0	2	0	0	0	3	13	3	12476	17186	47713	38610	41083	36900
661	40.7892	111.658997	1776	8450	742	115500	18	3	5	3	13	1	4	3	6	3	2	0	1	3	4	1	1	13	34	24	11900	18073	28304	23401	26910	6912
514	40.7714	111.605003	1825	8488	686	109215	0	0	2	0	0	0	0	0	0	0	3	0	0	0	0	0	0	3	0	2	8315	14699	17921	16846	19740	31694
1137	40.841499	111.662003	1804	8764	777	139625	12	4	4	2	5	1	7	3	4	2	1	0	0	1	0	0	0	3	28	15	15925	18732	20608	23227	26205	34928
1366	40.869461	111.66223	1619	8731	779	130566	4	0	0	0	1	0	0	0	0	0	0	0	0	0	0	0	0	0	4	1	15649	21751	22474	20454	21641	28597
1461	40.851002	111.706001	1759	8644	742	115960	2	0	2	0	2	0	0	2	0	0	0	0	0	0	0	1	0	1	4	4	9527	15724	19494	18621	22865	29729
1416	40.805012	111.737558	1898	8662	763	107522	3	0	0	0	0	0	0	0	0	0	2	0	0	0	0	2	0	4	3	0	10925	13366	17848	18438	21322	25623
1365	40.847599	111.683998	2294	8324	758	98982	12	4	4	1	5	2	3	1	3	2	3	0	0	4	2	0	0	11	21	14	10092	8705	16838	19562	19344	24441
563	40.791401	111.625999	1477	8473	767	99754	0	0	3	0	0	0	2	1	3	0	0	0	0	0	0	2	0	2	6	3	15066	17545	20189	16935	21054	8965
571	40.785198	111.635002	1669	8421	705	98765	0	0	2	0	0	0	0	1	1	0	1	0	0	0	0	0	0	1	2	2	13370	21552	17559	19024	21438	5822
565	40.759602	111.658997	2341	7485	792	116118	1	0	0	0	0	0	0	0	0	0	0	0	0	0	0	0	0	0	1	0	12844	16767	36824	14218	16740	18725
1445	40.834783	111.717001	1678	8559	767	143000	20	5	4	0	9	0	4	2	0	0	4	0	0	0	4	2	0	10	26	18	19323	22133	35788	27048	28878	9830
734	40.820099	111.643997	1902	8715	698	113824	18	3	6	1	8	1	5	1	4	1	1	0	0	1	1	0	1	5	29	18	11475	12961	18235	19144	24153	27856
1116	40.8731	111.628998	2244	8626	846	211570	1	0	0	0	0	0	1	0	0	0	1	0	0	0	0	0	0	1	2	0	9110	17600	57351	39954	45487	42068
1429	40.875599	111.670644	1383	7940	760	111402	0	0	1	0	0	0	0	0	0	0	0	0	0	0	0	0	0	0	0	1	10619	13077	15713	14972	20541	36480
679	40.8097	111.642998	2073	8222	770	139752	1	1	0	1	1	0	0	0	2	0	0	0	0	2	0	0	0	2	3	3	13173	13534	28280	25502	28075	31188
437	40.490673	111.791997	2287	8487	776	133609	2	0	0	0	0	0	0	1	1	0	0	0	0	0	1	0	0	1	4	0	10992	10238	36219	33328	27281	15551
1588	40.83665	111.769185	1739	8382	707	109063	1	0	0	0	0	0	0	0	0	0	0	1	0	0	1	0	0	1	2	0	12515	17513	29176	22673	21638	5548
942	40.798	111.686996	1780	8304	735	109233	29	4	9	0	7	0	0	2	8	0	4	0	0	1	6	1	0	12	39	20	13481	12805	31216	22586	23526	5619
665	40.803459	111.645172	2003	7738	721	95822	17	3	4	0	4	0	6	3	5	0	6	0	0	0	3	4	0	13	31	11	6152	8826	30479	20155	26458	3752
1091	40.790798	111.709	1631	8622	717	99297	2	0	1	0	4	0	1	0	1	1	1	0	0	1	0	2	0	4	5	5	12218	15248	16076	15473	17876	22406
1353	40.8274	111.703003	1737	8631	691	92709	28	8	5	0	9	2	4	2	0	4	1	0	0	5	9	1	1	19	38	22	8882	10179	16497	18083	21709	17359
649	40.813801	111.629997	1674	8508	784	177413	15	2	7	0	6	0	4	5	3	1	6	0	0	3	2	0	0	11	28	15	18013	28391	48065	37565	37372	8007
1451	40.846085	111.707718	1434	8715	714	105380	3	1	2	0	4	0	1	5	2	0	2	0	0	0	0	3	0	5	11	7	13378	12861	13873	16583	22744	25941
1087	40.844299	111.654999	1824	8757	774	162761	9	2	1	0	2	0	6	1	4	0	4	0	0	0	5	1	0	10	20	5	21854	24466	22835	30482	27548	35576
1048	40.75439	111.740283	1343	8748	764	143294	4	0	0	0	2	0	1	0	0	0	0	0	0	0	1	0	0	1	5	2	14513	15384	23356	24194	28877	36970
532	40.784801	111.608002	1201	8738	764	122779	1	0	0	0	0	0	0	0	1	0	0	0	0	0	0	0	0	0	2	0	12604	18254	19512	18756	23466	30187
1073	40.813202	111.683998	2016	7357	777	180452	33	6	6	1	14	1	3	2	8	6	1	1	0	6	7	0	2	17	53	27	2047	7994	72357	30546	47922	19586
668	40.819099	111.630997	1462	8584	731	103677	8	1	14	0	4	0	0	5	2	3	4	0	0	3	0	0	0	7	18	19	11299	10980	10912	18488	19183	32815
1373	40.844101	111.689003	1114	8690	728	114585	31	3	8	0	12	1	4	1	6	1	4	0	0	2	7	0	0	14	43	23	8908	14617	17353	21413	20307	31987
624	40.7607	111.677002	1724	7714	721	133650	0	0	0	0	0	0	1	0	0	0	0	0	0	0	0	0	0	0	1	0	4367	9016	37931	24497	36643	21196
635	40.761398	111.679001	1662	7870	726	123113	0	0	0	0	0	0	1	0	0	0	0	0	0	0	0	0	0	0	1	0	3324	7244	47982	22087	28775	13701
636	40.806499	111.634003	1268	8457	694	98601	20	1	5	0	8	0	0	1	6	1	1	0	0	1	0	2	0	4	28	14	13440	19547	20945	16114	20200	8355
1059	40.797798	111.697998	1527	8582	701	115375	29	1	6	0	8	0	0	2	7	3	3	1	0	2	12	0	0	17	42	15	10629	13572	25366	15687	23169	26952
105	40.2015	111.348	992	8635	740	108438	1	0	0	0	2	0	1	0	0	0	0	0	0	0	3	0	0	3	2	2	12229	15015	17954	20389	20908	21943
1288	40.8442	111.677002	2058	4539	729	132457	25	4	3	1	12	2	5	5	6	6	2	0	0	6	2	0	0	12	47	20	62	2425	53035	33260	37430	6245
1697	40.905998	111.845001	1787	7297	744	130635	0	0	0	0	1	0	0	0	0	0	0	0	0	0	0	0	0	0	0	1	4263	3582	41491	28052	30156	23091
1426	40.847698	111.697998	1134	8649	740	114016	11	1	5	0	2	0	5	2	6	0	1	0	0	0	2	1	0	4	24	8	9439	12323	26447	23280	21618	20909
126	39.911499	111.668999	689	8102	720	147410	1	0	0	0	0	0	1	0	0	0	0	0	0	0	0	0	0	0	2	0	7418	15796	34473	24742	32972	32009
1022	40.841692	111.649827	1041	8577	760	144609	8	2	2	0	4	1	6	0	3	0	4	0	0	0	5	2	0	12	17	8	8917	13566	26160	30637	34694	30635
1680	40.897301	111.848	1166	8491	663	108726	0	0	0	0	0	0	1	0	0	0	0	0	0	0	0	0	0	0	1	0	13357	14249	9549	24826	19855	26890
979	40.840401	111.648003	1082	6904	720	110375	8	2	2	0	4	1	6	0	3	0	3	0	0	0	5	1	0	10	17	8	2653	5799	42564	19646	25320	14393
1239	40.844601	111.671997	699	8199	575	99616	33	4	1	0	13	2	4	2	6	4	0	0	0	3	4	0	1	10	49	18	13472	11561	12333	22860	10828	28562
1682	40.898499	111.847	624	8199	614	109244	0	0	0	0	0	0	1	0	0	0	0	0	0	0	0	0	0	0	1	0	15191	17427	7112	22357	23583	23574
1248	40.846199	111.670998	522	8616	653	135777	27	3	0	0	12	1	3	0	2	1	0	0	0	1	4	0	1	7	33	15	23170	18387	16331	26358	16784	34747
1486	40.835602	111.726997	464	7535	556	168253	35	3	9	1	7	1	5	3	7	4	1	0	0	1	7	2	1	13	54	20	2742	8230	52324	43297	56904	4756
