SiteId	Latitude	Longitude	UserCount	MinuteCount	URICount	TotalCount	工作区	生活区	商业区	timeZone1	timeZone2	timeZone3	timeZone4	timeZone5	timeZone6
971	40.828098	111.660004	6422	8415	842	152578	4	10	8	14784	16775	40259	34167	40617	5976
889	40.816101	111.664001	8294	7899	828	137988	20	56	21	4603	5407	30539	36704	43101	17634
1047	40.801399	111.693001	6996	8641	896	448614	0	2	2	24251	36110	161243	90966	116403	19641
861	40.819401	111.657997	6478	8606	782	148300	0	49	4	7426	9016	31276	33663	39270	27649
775	40.8106	111.658997	6200	7695	755	125132	8	33	21	3692	4146	28991	32931	42090	13282
1043	40.803001	111.691002	6117	8648	867	371944	0	5	2	44424	37998	110579	79314	82896	16733
1042	40.8228	111.670998	5997	8670	744	138951	10	8	3	11167	13102	30523	27594	31674	24891
614	40.776901	111.657997	5073	8728	834	150503	0	2	0	11530	18735	33507	26593	33351	26787
1066	40.8055	111.691002	5893	8630	844	256749	0	8	2	37049	28824	60660	56503	56611	17102
1512	40.8357	111.73394	5095	8485	813	131494	5	25	6	15489	20392	29595	22974	35002	8042
1098	40.814499	111.685997	5590	8401	820	159507	2	9	5	6573	9385	50845	34528	38380	19796
656	40.791801	111.653999	4501	8427	817	114760	2	5	1	14886	16323	26785	23490	27096	6180
1344	40.839699	111.689003	4272	8357	804	132760	3	9	7	10393	13374	32647	31300	38968	6078
946	40.8251	111.660004	4714	8138	741	103386	5	19	4	12309	11866	24830	22651	27765	3965
684	40.807098	111.648003	5085	8790	819	178129	1	1	0	18737	21112	32513	33025	36028	36714
892	40.824525	111.655892	4281	8784	847	202951	5	23	9	21344	20418	46669	38781	43428	32311
725	40.815399	111.648003	5296	8714	811	147670	0	13	11	9757	12714	31811	31009	38350	24029
1086	40.810001	111.689003	5557	8330	795	149347	4	23	10	10608	14190	46963	30559	40656	6371
1545	40.837	111.746013	4226	8492	830	200884	2	0	0	14124	22594	61302	44907	51102	6855
1304	40.828499	111.695	5309	8795	818	251882	4	6	3	23558	24302	63150	51813	56890	32169
904	40.827801	111.653999	3856	8452	788	127145	3	4	2	17537	16879	32574	24398	28871	6886
763	40.819801	111.648003	4615	8654	764	133116	1	0	1	9630	12862	31524	29156	29515	20429
1245	40.8419	111.675003	4755	8768	819	188699	1	11	6	12846	14405	38310	43841	45516	33781
1180	40.824699	111.682999	5083	8603	692	109520	20	38	20	9780	12650	20315	22614	26237	17924
841	40.810101	111.666	4347	8801	850	204037	2	1	3	21552	20505	41364	40905	41215	38496
599	40.7915	111.639999	3618	8550	813	133741	0	0	1	16705	23694	28022	21774	34339	9207
926	40.8181	111.666	4777	8621	771	127602	5	21	7	11671	8533	25461	26348	32649	22940
770	40.797001	111.671997	4244	8390	750	108762	2	10	9	13674	16111	24341	21692	27975	4969
633	40.803101	111.637001	3503	8613	821	198408	2	8	2	31347	36080	43288	34030	41637	12026
1056	40.827301	111.667999	4567	8140	687	84110	6	7	7	8737	10760	19920	16288	24903	3502
1149	40.815899	111.689003	4520	8737	808	162181	2	1	1	9418	15835	32400	34450	35644	34434
677	40.8032	111.649002	3853	8394	746	123807	3	11	1	14438	17560	29117	26878	30121	5693
1188	40.808102	111.700996	4610	8544	793	168522	0	5	1	20052	21663	41180	33060	43082	9485
553	40.775799	111.635002	3434	8784	853	162947	2	0	0	17258	21293	24496	24179	31544	44177
1106	40.835999	111.665001	4607	8223	809	143364	3	4	0	9932	14327	50457	26150	37972	4526
690	40.816299	111.639999	4526	8751	782	148913	3	5	4	15012	15261	23629	27733	36023	31255
631	40.788502	111.651001	3756	8518	814	136564	1	0	0	14409	23218	31671	26801	32738	7727
935	40.76997	111.714699	3189	8842	846	231262	1	0	0	23642	26656	43142	39870	47090	50862
548	40.793701	111.614998	2793	8462	814	132674	0	5	3	13259	22596	31355	26512	31444	7508
1263	40.8466	111.671997	4051	8827	834	279832	0	3	1	33992	23043	62071	48175	58729	53822
698	40.808899	111.649002	4259	8538	781	120713	0	7	1	10196	9058	22597	28762	30753	19347
1244	40.819901	111.696999	4351	8633	726	113669	5	15	9	11212	9604	20567	22658	27134	22494
1671	40.896702	111.845001	4328	8787	869	269989	0	1	0	19131	27969	70288	51859	51571	49171
1482	40.83559	111.726733	4277	8433	773	125730	4	11	8	10978	15355	28777	29228	35010	6382
1378	40.830601	111.704002	3642	8531	769	147018	7	11	5	17180	18731	33789	30579	38430	8309
1134	40.857201	111.646004	3189	8619	769	120336	1	1	2	15366	13790	19341	19673	25225	26941
1282	40.829498	111.691002	3999	8681	725	136897	1	12	8	14269	13463	26760	21463	34407	26535
1435	40.86388	111.683207	3356	8662	801	122976	0	2	2	8024	15973	23729	24074	26790	24386
895	40.8018	111.679001	3233	8497	734	127858	3	7	1	19681	18561	26602	25511	28451	9052
862	40.829399	111.648003	3996	8159	691	98114	2	3	1	9145	10271	27905	20576	25129	5088
1082	40.832401	111.666	3789	8365	705	110667	0	1	2	11249	13024	29768	20077	30886	5663
842	40.806198	111.669998	4105	8453	714	116992	9	14	10	18879	19059	26441	20105	25927	6581
530	40.809662	111.581764	3368	8041	744	90955	1	0	1	5352	10917	28363	19917	22933	3473
697	40.7938	111.664001	3501	8438	735	101930	5	16	11	14685	15571	22033	15308	27506	6827
965	40.829399	111.657997	2606	6124	584	39322	3	13	6	2459	5503	11700	9675	8676	1309
873	40.851101	111.626999	3905	8788	814	173535	0	5	1	17765	16857	31904	29895	44625	32489
1147	40.820702	111.683998	3919	8499	664	110975	8	29	17	8284	10028	23275	26227	28229	14932
1357	40.8298	111.700996	4061	8590	712	96474	8	7	2	8647	8751	19969	20776	24767	13564
1425	40.8325	111.712997	3910	7833	695	74123	3	2	6	6255	10168	21755	13423	19859	2663
817	40.801601	111.671997	3354	8337	757	142979	5	21	6	12145	18163	41914	29038	36643	5076
1351	40.816299	111.713997	2881	8243	718	105818	1	9	5	9948	10708	26480	23992	29012	5678
1011	40.822899	111.667999	3601	8137	667	87167	8	15	19	5569	5621	19959	20319	22440	13259
1003	40.7971	111.693001	3607	8312	779	138661	2	3	2	12620	12330	42290	26536	36682	8203
1243	40.843899	111.672997	3893	8527	800	212074	7	18	8	12267	15527	62314	47135	51432	23399
1297	40.843399	111.679001	3860	8686	813	246610	5	17	5	14612	17300	70902	45714	57330	40752
1318	40.85765	111.66798	2861	8789	810	194647	0	2	2	23437	21629	32204	33729	35200	48448
1210	40.812599	111.699997	3800	7886	743	85276	3	27	14	7489	10732	24111	16136	22847	3961
1020	40.8283	111.663002	3289	7974	691	76710	6	22	17	7519	9959	21019	14762	20748	2703
1242	40.802799	111.713997	2919	8590	808	244852	1	1	2	53068	43290	52424	45813	37928	12329
664	40.792599	111.655998	3010	8389	723	108006	3	13	4	13404	17842	26051	20344	23778	6587
1065	40.809399	111.686996	3845	7266	770	132340	5	16	6	4188	9244	45930	30223	39076	3679
1459	40.83415	111.721478	3867	7819	747	87582	4	14	6	6758	10009	22493	16823	25684	5815
1390	40.806999	111.730003	2346	8757	822	190770	1	2	0	10433	19098	48787	39256	43650	29546
1010	40.838699	111.652069	3045	8849	899	307447	1	1	4	23322	32563	65993	59042	61550	64977
699	40.779457	111.678472	3071	8527	795	107696	0	1	1	8451	12773	20931	16250	21419	27872
1154	40.84091	111.66438	3431	8494	708	98098	3	8	6	10081	8291	16777	19371	23053	20525
674	40.805199	111.646004	2758	8791	878	265741	2	5	3	18871	23694	58875	56368	56455	51478
601	40.794863	111.636652	2390	8506	764	119018	0	2	5	20883	23487	23388	20487	23854	6919
1546	40.844153	111.739368	2387	8255	750	92661	2	2	3	7727	13356	23473	20851	21690	5564
982	40.838581	111.650002	3471	8671	871	221562	1	0	1	9980	16389	63742	39119	47326	45006
1224	40.811901	111.702003	3003	8558	833	295163	3	14	7	18450	20507	100431	59721	81667	14387
1027	40.820702	111.670998	4001	7809	616	69187	18	32	24	5000	5615	16269	18358	17853	6092
791	40.823482	111.647603	3334	8303	640	79498	6	17	5	6502	8624	14785	17682	17990	13915
1450	40.820801	111.733002	2657	8700	701	102744	1	2	3	12539	13339	19840	18841	18910	19275
1220	40.8265	111.686996	3682	7919	681	83100	12	34	27	3717	7831	19298	20134	21550	10570
721	40.8074	111.654999	3487	8263	662	68041	3	23	9	6438	6108	12294	13106	15378	14717
1265	40.813801	111.705002	2881	8635	811	273921	1	7	4	53234	40915	55556	55209	50236	18771
772	40.811501	111.657997	3444	7739	635	69836	2	27	5	3497	3779	14703	18007	19865	9985
1442	40.8428	111.708	2743	8689	739	108298	1	3	4	10081	12238	21542	19599	21604	23234
1313	40.835098	111.690002	3096	7641	621	65340	5	9	9	10912	9559	14469	11843	15549	3008
1369	40.798401	111.734001	2177	8760	811	144947	0	4	0	12117	17581	28194	25710	29997	31348
558	40.7794	111.635002	2144	8782	813	168619	0	0	1	17579	25459	21925	21893	33639	48124
780	40.817101	111.653	3020	8544	736	94911	3	1	1	12145	8494	18514	17889	18884	18985
993	40.835602	111.653999	2975	7990	734	77488	1	1	3	10739	8709	16414	15765	19598	6263
1055	40.8363	111.658997	2812	8397	794	133477	5	1	3	11195	12356	42585	25895	34546	6900
916	40.8069	111.676003	3458	7798	717	128368	12	33	5	4587	12877	43992	24106	39813	2993
1203	40.815102	111.695999	3031	8547	744	146679	1	12	10	21711	14599	27600	30736	40515	11518
823	40.820202	111.653999	2695	8825	846	281045	3	20	6	18610	22208	74514	54560	59066	52087
1331	40.821301	111.706001	2867	8497	756	135838	15	46	17	11586	14079	24548	25805	28823	30997
254	40.726799	111.168999	1958	8265	762	92039	1	0	0	5218	10641	18530	19774	17874	20002
1332	40.844398	111.682999	3044	8782	829	158821	2	5	5	15120	15181	34231	28375	33757	32157
978	40.8134	111.675003	3260	7646	636	57063	5	25	8	4391	3572	11499	10710	15613	11278
980	40.802502	111.685997	2670	8611	825	267022	6	18	8	39363	26629	71370	53808	57160	18692
1281	40.8628	111.6576883	2626	8287	742	89657	1	0	0	4851	8775	17866	17149	19486	21530
1428	40.825001	111.721001	2434	8501	735	121109	3	8	4	15657	16473	28917	23104	30228	6730
813	40.815102	111.657997	2801	8639	707	122408	2	15	5	8128	6857	23802	33053	31494	19074
1300	40.8391	111.683998	2876	8406	710	95503	3	5	3	17263	14390	18036	17565	21446	6803
905	40.819801	111.662003	3432	7914	617	66838	3	32	10	6122	3762	16541	16122	15042	9249
1090	40.822701	111.677002	2585	8625	712	108188	13	16	29	10552	7459	18400	25203	24224	22350
1136	40.824402	111.679001	3433	8088	626	60138	13	28	18	6196	5142	9924	12343	15476	11057
1000	40.807999	111.681999	2632	8487	734	135532	4	10	5	14843	17760	32095	28132	33745	8957
764	40.810902	111.656998	2358	8707	724	123818	6	28	7	11998	10502	24093	24526	24731	27968
1309	40.847198	111.677002	2964	8639	786	171196	0	2	1	13568	13997	41059	30887	38112	33573
876	40.798302	111.68	3010	8043	631	68975	14	32	18	8128	8294	17274	13619	18080	3580
1382	40.8344	111.700996	2130	8030	776	150151	3	17	6	20342	27327	32403	31553	30231	8295
794	40.823508	111.647933	3387	7472	619	46969	6	20	6	2568	4705	9362	10116	12568	7650
606	40.819199	111.613998	2180	8332	722	90161	2	0	1	9857	12808	23028	19038	20661	4769
1554	40.892799	111.693001	1715	8704	828	188503	0	1	0	12650	17279	51715	32328	37170	37361
1235	40.809101	111.707001	2908	8208	730	165895	1	12	6	19270	14874	52972	34881	39405	4493
1273	40.811199	111.708	2582	8451	744	124257	4	14	9	12693	12993	35239	23964	31568	7800
54	40.276539	111.191353	1582	8285	760	96701	1	4	2	4507	8735	16362	23313	19984	23800
663	40.814419	111.634003	2531	8235	824	223630	2	5	2	24804	27007	55609	38259	39290	38661
582	40.795399	111.628998	2127	8301	759	131510	3	2	1	11796	18469	38116	24674	32894	5561
1452	40.830299	111.723999	2049	8560	816	180895	1	3	0	23641	23322	50370	35460	37408	10694
577	40.807598	111.614998	2165	8340	724	103941	0	1	0	15411	20112	23242	16756	20205	8215
691	40.8125	111.643997	2470	8718	786	128736	0	0	1	17044	10824	17955	26418	23547	32948
658	40.796001	111.650002	2436	8041	677	74113	0	1	0	6209	9581	17070	17161	19263	4829
1012	40.803902	111.686996	2869	7962	737	136259	12	23	16	12160	10795	45131	28224	33873	6076
669	40.783501	111.667	2141	8763	764	136844	0	0	1	17960	18920	21206	20863	21627	36268
1413	40.8423	111.699997	2078	8692	715	104661	6	10	9	14302	12092	13839	16616	19574	28238
1636	40.859299	111.821999	1807	8224	684	85338	1	0	0	10749	12458	21574	17434	19103	4020
1695	40.898201	111.851997	3054	8797	795	193648	0	1	0	18312	21981	41497	35834	36377	39647
1387	40.823299	111.712997	2347	8283	653	83395	6	21	7	13512	12672	18001	15235	17927	6048
1201	40.832001	111.679001	2532	7893	621	58149	4	2	4	7585	9195	12476	11734	13622	3537
228	40.7159	111.126999	1618	8438	726	98380	0	3	1	5842	11268	17482	20154	20304	23330
662	40.800301	111.648003	2225	7375	617	57317	3	5	1	3682	5994	15753	12184	17251	2453
644	40.8116	111.630997	2424	8463	738	107777	5	13	8	16637	15107	26869	19926	22775	6463
1175	40.803001	111.704002	2649	8319	723	153541	0	1	1	37514	25329	31747	28098	21742	9111
231	40.718601	111.127998	1762	8365	749	85666	0	1	1	5247	7496	16848	18082	20350	17643
1466	40.841499	111.716003	2120	6430	714	82654	0	9	3	8890	9969	19438	19962	19747	4648
983	40.808701	111.68	2694	7827	653	66650	4	31	6	8718	9791	13279	11958	17090	5814
1691	40.897999	111.850998	2542	8681	832	226008	0	1	0	22862	24041	40803	39529	44481	54292
1237	40.8391	111.677162	2906	7610	603	69536	2	20	8	5002	6703	20456	16408	18806	2161
787	40.813599	111.656998	2512	8323	666	89366	4	56	3	5745	6490	18499	22293	20089	16250
1307	40.818699	111.705002	1983	8786	766	142321	0	13	5	16738	19261	22962	22889	25781	34690
1189	40.8302	111.679001	2575	7102	594	46331	7	8	6	3548	4216	11595	10685	13923	2364
1144	40.801102	111.703003	2814	7699	719	89019	3	6	5	7728	8569	26963	17393	23405	4961
1121	40.8134	111.689003	2574	8557	758	140293	2	6	1	19303	12601	27410	21845	26499	32635
947	40.784199	111.700996	1938	8710	743	131542	0	4	1	11066	14150	29291	29220	28336	19479
634	40.783669	111.656609	2406	8149	767	94029	0	1	1	9218	13147	26040	18815	22635	4174
1196	40.849602	111.661003	2438	8269	664	72379	1	0	1	7077	9469	12136	12320	13776	17601
1431	40.820305	111.726362	2022	8454	620	75343	0	1	2	6930	7064	14795	13470	17512	15572
1440	40.825901	111.723999	2188	8255	690	77943	1	9	4	11554	12518	17039	14237	16790	5805
992	40.829498	111.660004	2180	5217	593	45035	5	12	10	389	1923	13824	12751	14471	1677
1438	40.827801	111.720001	1737	8517	752	144200	1	3	0	25598	22663	32742	25326	29396	8475
221	40.718601	111.114998	1848	8101	798	132852	1	1	0	3987	11328	28004	28201	31363	29969
1029	40.813801	111.678001	2707	8172	746	107908	9	22	5	5589	5622	22460	20217	30725	23295
1197	40.819698	111.691002	2604	7903	706	86132	3	20	7	4938	7458	19744	15020	22114	16858
931	40.827019	111.657437	1791	7637	627	50080	7	5	5	6956	6712	12043	10133	11478	2758
779	40.832802	111.637001	2103	8222	678	87360	2	1	0	13599	13777	16567	16456	21669	5292
1207	40.837799	111.674004	2411	7525	740	125538	4	16	8	5521	10805	38719	25572	40700	4221
639	40.791199	111.650002	1919	8035	646	72676	0	1	1	7552	9827	19427	16033	16690	3147
685	40.819599	111.636002	1924	8772	800	193968	1	1	0	12476	17186	47713	38610	41083	36900
661	40.7892	111.658997	1776	8450	742	115500	2	3	3	11900	18073	28304	23401	26910	6912
514	40.7714	111.605003	1825	8488	686	109215	2	0	1	8315	14699	17921	16846	19740	31694
969	40.816101	111.671997	2603	7938	605	61254	4	29	14	3950	4644	16339	12077	15665	8579
687	40.795799	111.660004	2218	8096	649	68169	0	8	2	8144	9295	16234	13026	17759	3711
1212	40.834702	111.678001	2499	7932	676	68962	3	15	1	5700	8959	16515	15501	19086	3201
1137	40.841499	111.662003	1804	8764	777	139625	0	2	1	15925	18732	20608	23227	26205	34928
1434	40.832001	111.714996	2902	6007	549	35870	3	5	8	1237	3730	9858	8556	11174	1315
640	40.824211	111.617012	2115	7849	613	59223	8	10	7	7005	9536	13549	11202	14194	3737
1346	40.8438	111.684998	2674	7629	697	85126	2	2	3	4275	5413	25623	15155	19443	15217
1416	40.805012	111.737558	1898	8662	763	107522	1	1	0	10925	13366	17848	18438	21322	25623
657	40.819	111.626999	1891	8372	764	84001	3	16	25	10821	14873	15939	15076	19632	7660
1176	40.839199	111.667999	1893	8280	705	93900	1	10	11	15813	13784	23030	17863	18492	4918
225	40.721901	111.115997	1696	8070	694	76795	0	0	1	4392	7526	10466	16314	15355	22742
1365	40.847599	111.683998	2294	8324	758	98982	0	1	0	10092	8705	16838	19562	19344	24441
563	40.791401	111.625999	1477	8473	767	99754	0	1	0	15066	17545	20189	16935	21054	8965
238	40.713799	111.138	1460	8004	738	80053	0	1	0	4313	7534	10048	18485	15438	24235
565	40.759602	111.658997	2341	7485	792	116118	0	1	0	12844	16767	36824	14218	16740	18725
1445	40.834783	111.717001	1678	8559	767	143000	1	2	5	19323	22133	35788	27048	28878	9830
60	40.281189	111.195053	1108	8624	683	93651	0	1	0	6128	9351	13857	22111	19004	23200
988	40.795101	111.694	2098	8495	665	81768	5	9	0	9007	9851	15059	14475	15433	17943
734	40.820099	111.643997	1902	8715	698	113824	0	5	2	11475	12961	18235	19144	24153	27856
713	40.798801	111.662003	1881	8179	704	73887	2	18	12	7751	11138	16511	16015	17703	4769
705	40.830959	111.628014	1902	8055	643	67800	2	0	3	8347	10770	16897	11655	14909	5222
1530	40.838001	111.737999	2481	7075	553	43746	1	1	1	3229	5226	13212	8920	11999	1160
647	40.802502	111.640999	2274	7127	692	72313	4	9	4	4751	8265	24428	13608	18508	2753
58	40.2761	111.198997	1338	8509	775	104254	0	4	0	6354	9427	17718	22187	21961	26607
679	40.8097	111.642998	2073	8222	770	139752	1	1	0	13173	13534	28280	25502	28075	31188
1372	40.858002	111.675003	1878	8428	640	73621	0	1	0	6221	7021	13888	14071	18804	13616
874	40.806198	111.671997	2650	7043	665	78589	11	9	8	5624	6000	24172	18183	21920	2690
1525	40.8755	111.697998	1508	8436	722	83428	0	1	0	8653	9230	14173	12704	15983	22685
49	40.275398	111.184998	1141	8168	693	63568	1	2	1	3535	5939	11433	13845	13930	14886
621	40.813099	111.624001	2049	8186	687	66249	0	2	0	9267	10842	14978	13213	13259	4690
1051	40.818699	111.676003	1380	8765	718	133124	7	14	9	18610	13037	18768	26257	26036	30416
672	40.78157	111.669434	2163	8075	700	64158	1	1	1	4662	8222	14288	11107	13907	11972
371	40.380699	111.817001	1083	7919	703	68392	0	2	2	2781	6176	11875	16903	14008	16649
590	40.786598	111.641998	1254	8439	714	94910	1	3	2	15812	19121	18592	12128	20599	8658
942	40.798	111.686996	1780	8304	735	109233	5	13	3	13481	12805	31216	22586	23526	5619
902	40.819599	111.662003	2674	6474	519	31231	4	30	10	1901	1996	6781	7508	8134	4911
953	40.817799	111.667999	1902	8534	639	85189	6	19	17	7181	8307	16483	19166	17033	17019
665	40.803459	111.645172	2003	7738	721	95822	2	10	9	6152	8826	30479	20155	26458	3752
1141	40.813801	111.690002	2101	8633	734	110583	2	7	2	12220	9455	22470	24004	21255	21179
1217	40.854571	111.658693	2131	7754	606	45931	0	3	0	3815	3753	8952	9494	10558	9359
749	40.803001	111.663002	1872	7878	586	52788	4	14	9	6881	6780	10577	11940	12909	3701
1091	40.790798	111.709	1631	8622	717	99297	2	1	1	12218	15248	16076	15473	17876	22406
1102	40.824699	111.676003	1491	8548	629	86262	13	21	20	8395	9761	15729	14500	18402	19475
797	40.809601	111.662003	1849	7727	673	76844	7	31	28	9008	5911	19537	14536	15892	11960
1101	40.827702	111.672997	1209	8364	691	91058	12	24	12	12040	14666	20005	18756	19564	6027
1353	40.8274	111.703003	1737	8631	691	92709	0	2	0	8882	10179	16497	18083	21709	17359
556	40.803101	111.609001	1614	8347	720	84856	0	2	0	10252	14427	18144	16913	19371	5749
1157	40.822399	111.682999	2032	8132	567	56853	10	49	12	4063	4524	10368	10829	16278	10791
611	40.814259	111.620171	2048	7791	655	50537	1	0	0	6468	7954	11161	10212	11723	3019
649	40.813801	111.629997	1674	8508	784	177413	3	4	5	18013	28391	48065	37565	37372	8007
1451	40.846085	111.707718	1434	8715	714	105380	0	2	1	13378	12861	13873	16583	22744	25941
1122	40.800855	111.701638	2255	7562	684	86944	4	12	7	4713	7143	29156	18486	24366	3080
853	40.814899	111.662003	1804	4924	541	68910	3	29	13	50	109	11952	24072	28004	4723
870	40.821594	111.656372	1705	8670	736	125618	3	54	8	11681	12098	17038	25624	26180	32997
1087	40.844299	111.654999	1824	8757	774	162761	1	0	0	21854	24466	22835	30482	27548	35576
820	40.797901	111.676003	1883	7554	596	51738	3	10	8	6786	6201	12115	10034	13886	2716
1551	40.834641	111.75051	1297	8365	680	82746	2	0	0	11834	13532	19459	14338	17940	5643
736	40.812199	111.652	1648	8388	650	77098	3	19	9	7379	6791	12824	12994	14244	22866
1097	40.838299	111.662003	1813	8007	716	69643	4	12	10	6474	7237	16625	15800	19577	3930
496	40.793201	111.564003	1765	7125	664	55937	1	0	1	4853	6808	17834	12500	12186	1756
1436	41.094501	111.453003	1142	6918	647	57571	5	2	1	5271	8153	11687	12513	16043	3904
602	40.808601	111.623001	1953	7675	572	44576	1	3	0	5388	7227	10194	8413	10296	3058
717	40.823498	111.637711	1786	7975	598	53074	0	4	2	4952	5846	7625	10750	13000	10901
1079	40.8167	111.681	2258	5966	590	31095	4	10	9	2229	3530	6034	6729	8105	4468
929	40.761379	111.722862	1433	8592	756	96727	0	1	0	8455	10795	17884	17062	17581	24950
989	40.791199	111.697998	1992	7975	556	49762	0	0	2	5891	6037	8260	7173	10290	12111
241	40.7234	111.138	1324	8483	687	83072	1	2	0	6421	8657	13696	16728	16223	21347
1073	40.813202	111.683998	2016	7357	777	180452	5	14	8	2047	7994	72357	30546	47922	19586
668	40.819099	111.630997	1462	8584	731	103677	2	1	3	11299	10980	10912	18488	19183	32815
1186	40.811901	111.696999	2025	7216	561	47895	3	25	15	5423	5642	10668	9228	14096	2838
224	40.72187	111.115837	1338	7785	650	57123	0	0	1	3423	4727	8786	11911	12954	15322
1213	40.860843	111.651908	1538	8326	674	62232	2	1	1	6551	8180	9156	10446	12268	15631
1373	40.844101	111.689003	1114	8690	728	114585	4	6	4	8908	14617	17353	21413	20307	31987
732	40.7938	111.669998	1672	8168	600	80140	2	17	14	12478	14020	22209	10999	15394	5040
760	40.823673	111.643997	1651	8342	614	62104	3	10	10	7089	7844	8998	11361	12456	14356
1356	40.8517	111.679001	1590	8659	656	86903	4	6	2	8336	10292	15066	16092	17506	19611
1225	40.832001	111.681999	1575	7403	553	40026	5	6	5	5360	5327	9105	8588	9367	2279
1272	40.8232	111.695999	1837	8122	584	57303	1	8	4	6011	6523	9116	10616	12008	13029
682	40.791401	111.663002	1678	8189	616	66183	3	10	10	10279	10823	14314	12885	14329	3553
624	40.7607	111.677002	1724	7714	721	133650	0	1	0	4367	9016	37931	24497	36643	21196
637	40.783699	111.656998	1624	7714	717	70422	0	1	1	5387	12044	18932	12664	17084	4311
589	40.813015	111.615349	1571	7981	643	61995	0	1	1	9768	11416	12435	10214	13994	4168
730	40.814701	111.649002	2198	7158	554	36702	2	19	16	2498	3490	6794	7812	9106	7002
1483	40.8344	111.727997	1616	5788	526	60311	5	17	8	2749	703	12366	21655	20236	2602
744	40.813599	111.652	1383	8488	680	83803	4	20	10	7937	8967	12943	17530	15040	21386
944	40.809738	111.675293	2012	7953	577	57085	16	25	6	6895	4896	13176	12522	11521	8075
694	40.801102	111.655998	1673	7873	594	59817	1	7	5	5707	9552	13164	12172	14670	4552
1510	40.8416	111.727217	1427	7787	614	50424	0	0	2	6264	7856	12697	8682	11224	3701
219	40.718552	111.114639	1331	8102	699	81777	1	1	0	4796	9234	16568	15730	19185	16264
1168	40.8125	111.694	1820	8210	625	87615	3	19	11	16126	11742	15946	17195	19235	7371
625	40.780102	111.657997	1885	7806	638	53512	0	1	0	5899	5214	7856	7122	12214	15207
806	40.825401	111.647003	1720	8016	701	90713	6	21	7	4190	7708	27452	19465	20848	11050
636	40.806499	111.634003	1268	8457	694	98601	1	11	5	13440	19547	20945	16114	20200	8355
1089	40.829601	111.669998	1434	7304	479	34042	6	18	9	5003	4764	7762	6194	7600	2719
63	40.278111	111.201157	1095	8192	626	75977	0	6	1	5779	6536	13020	18824	14926	16892
1328	40.834	111.693001	1379	7807	598	51892	1	3	8	8065	7516	9797	11050	11395	4069
105	40.2015	111.348	992	8635	740	108438	0	1	1	12229	15015	17954	20389	20908	21943
815	40.822399	111.651001	1322	8584	666	101211	0	5	3	11137	12279	21237	17323	18773	20462
1506	40.8461	111.722	1323	7303	617	43543	1	3	2	4827	7418	11192	7492	10039	2575
856	40.759102	111.718002	1374	8269	643	71755	0	1	0	6260	7469	12283	12400	14079	19264
859	40.814301	111.663002	1619	6702	641	90698	4	21	9	1631	764	17148	28200	30834	12121
1288	40.8442	111.677002	2058	4539	729	132457	1	11	5	62	2425	53035	33260	37430	6245
1384	40.826099	111.709999	1186	7994	640	68791	2	29	11	7246	8506	17015	15450	16139	4435
741	40.7794	111.685997	1266	8690	685	97567	1	1	2	12484	12301	15310	12797	17990	26685
645	40.776699	111.666	1062	8582	668	83151	0	2	1	8124	12817	13954	11587	15702	20967
950	40.8004	111.684998	1706	8128	654	101014	5	15	6	13153	14820	26467	18457	22304	5813
1470	40.8256	111.733002	1546	7365	569	39860	1	3	1	5062	7184	6761	6650	10173	4030
1352	40.822399	111.708	1560	7796	614	64577	12	47	18	6748	7728	17518	12500	16773	3310
1449	41.100201	111.453003	857	6264	525	33978	1	1	0	3582	3727	7032	6306	10128	3203
367	40.376801	111.82	917	7723	578	52240	0	1	0	4426	4661	7984	10696	11951	12522
999	40.783798	111.706001	1074	6844	675	83710	0	3	4	6672	3109	15963	19235	17188	21543
1072	40.773384	111.72364	1035	8542	693	86556	0	1	0	10509	12829	13547	15635	13025	21011
1339	40.832001	111.695999	1458	7980	594	52793	0	4	5	7772	6159	8131	8338	10538	11855
588	40.80715	111.621088	1381	6242	557	27088	3	3	2	2857	4296	5500	5388	7088	1959
1267	40.8009	111.718002	1092	8499	642	76230	1	3	0	8493	10561	10241	12894	14043	19998
609	40.804909	111.629372	1284	8092	615	65732	1	2	0	9879	7847	15338	14629	14131	3908
1426	40.847698	111.697998	1134	8649	740	114016	0	8	3	9439	12323	26447	23280	21618	20909
629	40.811459	111.627516	1663	7403	537	36437	2	1	1	5893	6256	7329	7198	7519	2242
696	40.799801	111.657997	1465	7806	546	51872	0	4	12	6362	6820	11487	10319	13297	3587
604	40.822899	111.610001	1172	7450	581	53536	1	4	0	5450	5006	12836	13092	14378	2774
1348	40.862499	111.667	1300	8443	646	78744	0	1	1	5579	8790	13522	14731	15946	20176
718	40.823502	111.637711	1266	7930	585	54599	0	4	2	5765	6503	6360	8136	11037	16798
1394	40.868462	111.668798	1200	8469	607	68161	0	0	1	9131	8866	9676	8623	12530	19335
594	40.795898	111.634003	1346	7563	640	52145	0	3	4	4847	8020	14174	11125	11571	2408
66	40.282082	111.202919	890	8024	559	54917	1	2	0	3060	8016	8931	11569	10761	12580
1249	40.830299	111.686996	1111	7654	601	65736	7	18	7	7953	6714	16734	14297	17076	2962
1326	40.823545	111.703298	1485	8577	650	83169	4	1	4	9098	7856	12811	15738	15333	22333
488	40.795441	111.552361	1527	6396	537	30692	0	3	0	2255	3700	9084	5980	8267	1406
908	40.812	111.669998	1362	7807	587	52186	1	23	11	5241	4310	8755	10250	11518	12112
1389	40.814899	111.722	1214	7813	586	52219	0	8	1	4895	6161	7879	9108	9109	15067
913	40.813599	111.668999	1324	8391	573	61068	9	57	19	5936	5642	9230	14159	13406	12695
1473	40.84738333	111.71292	996	8402	606	65026	2	4	2	7769	7566	10515	9878	10358	18940
1503	40.81607	111.750925	1174	7280	613	46351	2	0	0	2642	3499	9111	9873	10779	10447
1071	40.806	111.691002	1730	7635	590	54749	0	8	0	9064	5933	10791	12020	12387	4554
852	40.787873	111.689013	1104	8550	637	80342	1	1	2	10163	10881	12142	12937	12829	21390
1446	40.857099	111.695499	1139	8080	613	64614	0	0	1	4001	6217	9157	12001	13502	19736
834	40.813999	111.661003	1520	3706	530	48623	1	35	11	7	47	12391	20910	15233	35
1223	40.821899	111.692001	1053	8437	594	79761	5	42	18	14157	9316	13185	12012	15162	15929
651	40.780201	111.664001	1481	6540	517	31126	1	0	0	2161	2858	5195	6428	7150	7334
59	40.276142	111.199203	926	7521	601	51111	0	4	0	2399	4773	8932	11922	11011	12074
1415	40.839401	111.703003	1074	7141	503	39279	1	3	1	6549	6994	8469	6685	8120	2462
1275	40.8490316	111.670383	1569	6879	538	41192	0	1	2	4128	3684	8433	8050	9682	7215
700	40.799	111.658997	1511	7302	519	41236	0	3	13	7392	6069	7797	7766	10002	2210
434	40.488987	111.789196	1602	7803	693	73124	0	1	0	4656	3952	15286	13067	20900	15263
927	40.809101	111.675003	1279	8025	620	67699	17	28	5	7379	6286	9410	15053	11914	17657
1232	40.8242	111.691002	1032	8588	620	82949	7	33	15	9488	10394	10446	14626	18068	19927
1312	40.8419	111.682999	1328	8353	585	64257	2	6	2	9479	7129	9573	12065	11890	14121
709	40.802101	111.657997	1767	5051	431	21221	1	7	11	2454	1916	5930	4241	6167	513
824	40.783806	111.690598	949	8224	593	74103	0	0	1	5316	7213	9672	13210	18383	20309
1531	40.840116	111.7359	996	7665	631	51043	1	2	1	4304	7311	11945	10849	13344	3290
1291	40.8195	111.702003	935	8355	625	88738	0	15	4	8393	10400	13490	14590	14956	26909
1400	40.856201	111.682999	1347	7929	487	50537	0	1	0	4555	5527	9428	8863	10190	11974
1418	40.828899	111.713997	1115	7722	610	62229	0	1	1	7222	8485	17938	11675	14571	2338
1639	40.859501	111.825996	893	8168	543	66375	0	1	2	9198	10659	16705	11553	13983	4277
106	40.201504	111.348167	872	7616	611	51178	0	1	1	4659	4328	9277	10218	13782	8914
236	40.71376	111.137703	841	7836	554	40715	0	1	0	3889	5461	5233	8081	7905	10146
710	40.804199	111.655998	1314	7255	530	54924	6	17	8	4723	4962	7338	11156	12965	13780
1226	40.812	111.702003	1621	7269	598	64912	3	20	7	5778	6417	17486	12380	19070	3781
1319	40.809898	111.716003	1033	8113	563	61643	6	4	4	12795	9758	12398	10479	12305	3908
1477	40.839748	111.721837	1145	7921	609	55401	0	0	1	10967	10857	11338	7400	11036	3803
807	40.813499	111.658997	1508	5122	479	27185	3	31	9	2872	763	5442	9237	6826	2045
1315	40.8265	111.698997	899	8459	650	83770	5	14	10	9694	9411	13753	13229	18000	19683
233	40.723999	111.125	891	6684	533	35304	0	1	1	1711	3855	7478	7197	7030	8033
583	40.7729	111.652	874	7703	616	62867	0	1	0	4711	7884	11682	12047	12393	14150
230	40.718578	111.12764	828	7050	546	35921	0	1	1	2567	2487	6311	8077	8856	7623
825	40.788559	111.685883	1265	7962	589	49491	1	2	1	3916	5389	8781	8031	10464	12910
919	40.781269	111.70192	1251	7116	528	34805	0	1	0	2875	3674	7261	6553	6816	7626
922	40.8153	111.667999	1145	7609	622	58382	10	55	31	7938	4258	9377	11693	11868	13248
618	40.8092	111.626999	1140	7145	536	37413	3	0	0	3551	5600	8888	7673	9067	2634
1035	40.834702	111.657997	889	7963	606	64505	1	2	2	6155	8616	19340	12203	14542	3649
1377	40.8209	111.712997	948	7489	519	47046	4	32	6	4935	6915	13153	8120	10929	2994
1040	40.8326	111.661003	939	7107	518	35756	0	1	1	4487	4462	9808	6566	8206	2227
1557	40.863908	111.723183	1089	7397	595	52350	1	0	0	2445	4156	9775	10473	13817	11684
1338	40.831974	111.695808	1163	8149	555	51538	0	4	4	5455	6226	8982	9348	11142	10385
161	40.354301	111.313004	822	4135	418	13961	1	0	0	1118	1090	2980	2844	3348	2581
1536	40.84853	111.73071	1221	4768	454	16981	0	2	0	1610	2034	3830	3931	4459	1117
1441	40.82592	111.724068	1333	6577	453	24131	1	9	4	2967	2682	5510	4538	6847	1587
234	40.724049	111.125267	705	7136	523	37627	0	1	1	2435	4078	6990	7689	7330	9105
1093	40.847055	111.65287	1245	7491	616	53580	0	1	0	5405	5433	7279	6429	9659	19375
1146	40.821701	111.682999	886	6976	528	37116	12	41	18	4398	3043	4825	8509	7274	9067
1022	40.841692	111.649827	1041	8577	760	144609	3	5	0	8917	13566	26160	30637	34694	30635
1430	40.815399	111.731003	800	4588	524	38062	0	2	0	0	147	7179	9210	9395	12131
1419	40.845951	111.697342	788	8147	616	60042	0	6	4	8517	8402	10372	10738	8594	13419
1216	40.802247	111.710947	1104	7598	549	50215	2	2	5	10730	9121	9417	9196	7526	4225
1164	40.833099	111.672997	1069	7525	549	48042	4	7	7	6315	6181	10865	8450	12469	3762
1487	40.808998	111.754997	795	6860	570	49558	0	1	0	7953	6166	8089	8735	10668	7947
1345	40.813801	111.714996	828	6935	502	34780	1	8	6	5721	4733	6983	7589	7610	2144
1006	40.841488	111.648836	1540	5134	602	43410	1	1	1	610	2320	15853	7155	12102	5370
912	40.8064	111.676003	1120	6724	591	76688	10	30	4	1895	6789	29144	14371	22640	1849
1458	40.849602	111.706001	840	7179	566	46299	0	1	0	3285	4722	7183	6978	8566	15565
592	40.810551	111.619003	1002	6949	520	33613	1	4	1	5203	5318	7385	6126	7273	2308
753	40.787399	111.679001	862	6914	509	33687	5	8	2	4154	5428	7404	5263	8529	2909
1397	40.848499	111.690002	787	8553	665	77339	1	7	11	11374	9705	11206	10353	13625	21076
1156	40.8506583	111.65472	1157	6112	477	25085	0	1	3	2693	1673	4320	5226	5285	5888
504	40.80159	111.562225	1310	3754	408	12463	0	1	0	488	1772	3800	1956	3817	630
1236	40.8391	111.677002	1336	4474	437	17630	2	20	7	701	1857	4520	4622	5293	637
77	40.27063	111.234863	602	7637	562	74250	1	0	0	1986	10486	17978	10750	20775	12275
1247	40.857683	111.659508	871	8122	564	48807	1	0	0	5685	7079	7095	7518	8298	13132
1680	40.897301	111.848	1166	8491	663	108726	0	1	0	13357	14249	9549	24826	19855	26890
671	40.825001	111.625999	658	6936	531	36400	0	1	1	5512	6094	6218	5483	9540	3553
1608	40.8372	111.792	597	6857	469	28640	0	1	0	5171	6471	5193	3773	5608	2424
712	40.814056	111.646568	886	7756	661	102231	0	2	3	2657	7795	31701	23013	27450	9615
835	40.814098	111.661003	1112	3394	441	26614	2	40	11	6	78	7929	10189	8355	57
508	40.771301	111.596001	916	5694	438	24412	1	1	0	3707	2254	3623	3473	3462	7893
1508	40.841499	111.726997	855	5622	411	19841	0	0	2	2061	2484	6100	3679	4438	1079
733	40.797901	111.666	601	6930	503	37332	9	23	10	4756	5328	9577	7500	7780	2391
863	40.8144	111.663002	1084	5441	467	34858	5	25	10	665	757	7924	10567	12135	2810
848	40.7957	111.681	975	7468	502	42855	1	6	8	7682	5573	9013	8086	9700	2801
1414	41.100159	111.442146	534	5951	454	31089	0	1	0	3986	4411	5882	6725	7955	2130
1469	40.837451	111.72026	824	8062	584	60621	0	0	2	10706	11238	12786	10127	11432	4332
1170	40.819599	111.686996	814	6821	463	34650	3	11	5	2999	3166	6258	5771	7255	9201
936	40.826	111.658699	799	3469	425	21596	5	12	6	0	2	5210	8975	7409	0
827	40.788601	111.685997	811	7520	543	42039	1	2	1	4504	5021	6342	4992	8359	12821
975	40.816299	111.671997	921	7113	489	34988	5	28	14	2517	2795	8062	8806	7152	5656
1034	40.82665	111.66574	761	7390	477	39548	10	18	16	7419	7859	8648	7263	6946	1413
1014	40.836899	111.653999	965	6182	492	27519	3	1	2	4502	3008	5556	6342	5687	2424
759	40.787365	111.679482	949	5981	435	21263	5	7	2	2060	3267	4516	4577	5609	1234
242	40.723419	111.13842	729	6772	473	27443	1	2	0	2427	3504	5983	5259	5639	4631
943	40.826	111.658997	778	3546	443	32665	4	12	4	1	17	10912	11375	10360	0
765	40.824242	111.643997	794	8111	513	55378	3	11	10	6604	7302	7579	9950	10134	13809
1190	40.821701	111.688004	636	7639	495	49401	6	36	19	6393	6214	4849	6820	9178	15947
133	39.9077	111.679001	627	6477	437	30383	1	0	0	1896	2763	4755	6723	6397	7849
1198	40.826889	111.683853	656	8157	577	65365	11	28	15	10412	6060	8816	12330	10694	17053
406	40.478573	111.779091	677	6046	467	25024	0	0	1	1250	1970	4808	5140	6510	5346
1064	40.8223	111.674004	977	4988	441	21391	9	6	11	2561	1558	3334	4365	4616	4957
844	40.834411	111.641862	1045	5335	451	22938	1	4	3	1574	3125	5662	4870	6808	899
368	40.37685	111.820007	607	5547	447	21533	0	1	0	1531	1854	4753	4967	4747	3681
678	40.795601	111.656998	648	7719	488	40943	2	6	1	7120	6783	6858	7905	9074	3203
1296	40.8134	111.709	644	6939	478	31237	3	6	2	5841	5460	5180	6002	6300	2454
610	40.802299	111.632004	691	7350	466	34083	0	1	0	4947	5070	6893	5805	8886	2482
1299	40.823002	111.699997	658	8154	585	56867	3	12	8	6797	8593	8516	10049	7617	15295
1246	40.842899	111.674004	1321	4126	572	61544	2	11	6	30	765	20518	16912	21120	2199
979	40.840401	111.648003	1082	6904	720	110375	1	2	2	2653	5799	42564	19646	25320	14393
226	40.716911	111.122322	767	7955	583	66286	0	1	0	2925	7145	18001	11565	15616	11034
600	40.7995	111.632004	791	7203	505	34135	0	1	0	5865	4628	6973	6770	8074	1825
1129	40.796502	111.706427	1028	3069	338	8328	0	5	5	414	853	1875	1342	2225	1619
676	40.813	111.639	846	6154	459	32610	5	9	7	3269	2641	4290	7045	7223	8142
1481	40.834099	111.727997	796	4431	370	21907	5	17	8	791	596	5985	6095	7969	471
1007	40.841609	111.648819	978	5582	542	37486	1	1	1	977	1400	13286	6801	9899	5123
737	40.809299	111.654999	773	6903	418	29227	6	15	12	4435	3609	5482	4916	4873	5912
1350	40.8339	111.695999	586	6885	514	33085	3	1	5	7274	7416	3659	5155	6436	3145
786	40.796501	111.674004	676	4002	415	24155	6	13	11	0	119	5075	7553	11023	385
948	40.818298	111.667	625	4065	387	28566	4	17	7	142	239	9448	10890	7427	420
1068	40.811699	111.684998	1060	4572	601	65727	1	5	4	0	2270	35342	9864	13223	5028
376	40.380569	111.827858	480	6149	494	30717	0	1	3	1271	2264	4411	8201	5713	8857
683	40.798698	111.655998	546	6738	404	24661	1	6	4	3203	4571	5903	4354	5259	1371
1602	40.910702	111.710999	582	6842	490	39682	0	1	0	1936	4273	6685	7245	8838	10705
507	40.771271	111.595718	670	6520	424	29280	1	1	0	5403	2406	4015	3552	5335	8569
1349	40.831	111.698598	733	6346	533	48670	4	7	12	2190	3507	15362	10962	11292	5357
1360	40.824902	111.706001	533	6195	439	27135	0	2	1	6088	3440	4953	4184	6300	2170
851	40.8148	111.662003	677	3835	301	15424	3	30	16	240	37	3752	5186	5478	731
638	40.799801	111.640999	492	6818	401	26594	5	1	3	3928	4372	5116	4927	6292	1959
891	40.808201	111.671997	640	4573	370	15730	9	9	14	2426	2354	3297	2883	3856	914
729	40.783699	111.68	686	4604	373	13994	1	2	0	1266	1614	3113	2710	2966	2325
1239	40.844601	111.671997	699	8199	575	99616	3	14	2	13472	11561	12333	22860	10828	28562
632	40.815754	111.624001	458	7207	540	38807	0	4	0	4614	6546	9915	6515	8654	2563
1371	40.866009	111.666977	749	4194	314	13201	1	2	1	2283	2435	1610	1408	2187	3278
830	40.795799	111.679001	454	6152	375	22544	1	6	7	3244	3187	5891	4576	3927	1719
1283	40.836887	111.683853	382	6044	394	22243	3	13	3	2997	2999	4461	4238	5662	1886
849	40.814701	111.662003	592	3959	282	15218	3	38	16	152	16	3171	5105	5566	1208
1311	40.836498	111.688004	419	3634	361	17956	2	8	9	25	72	5718	5682	6375	84
802	40.812	111.660004	441	4524	338	21296	2	30	18	267	184	4581	6798	7435	2031
940	40.837898	111.647003	831	3342	407	17257	0	1	2	224	840	8272	2667	3535	1719
761	40.818699	111.649002	462	4771	385	21651	1	3	3	1094	1671	6355	5158	4904	2469
799	40.7938	111.678001	439	6264	408	24234	1	2	1	4725	3921	4922	3316	5251	2099
769	40.81469	111.654289	487	6545	407	26762	2	43	4	3089	2615	5121	5965	4031	5941
1485	40.834599	111.727997	508	4343	364	21647	5	17	8	136	235	4946	7245	8113	972
1682	40.898499	111.847	624	8199	614	109244	0	1	0	15191	17427	7112	22357	23583	23574
1248	40.846199	111.670998	522	8616	653	135777	1	6	2	23170	18387	16331	26358	16784	34747
867	40.814701	111.663002	488	7159	406	32811	8	31	15	4436	3517	6983	5810	5862	6203
686	40.786701	111.668999	321	5843	370	20004	0	1	0	2684	2936	4188	4201	4507	1488
670	40.799599	111.651001	368	4778	294	14168	0	6	1	2335	1779	2779	3142	3295	838
766	40.7985	111.669998	321	6300	334	22917	2	13	6	4413	5342	4075	4016	3586	1485
1205	40.824299	111.686996	390	5450	354	22217	10	24	20	1785	1927	4800	4980	5750	2975
958	40.812801	111.674004	300	4003	344	14809	8	23	8	1109	1017	3458	4625	3262	1338
1140	40.8148	111.689003	337	5042	392	22458	1	5	2	1685	2039	7181	4433	4488	2632
1250	40.846298	111.670998	554	4948	441	34445	0	4	2	0	4941	6727	9984	5753	7040
1158	40.8214	111.683998	407	4250	366	12429	9	35	17	2322	1410	1609	1874	2396	2818
1074	40.804199	111.693001	522	7596	554	78840	0	1	1	12491	14630	11380	14559	18373	7407
788	40.826709	111.643915	347	6412	381	27616	1	2	1	7240	5797	3692	4536	3794	2557
974	40.800201	111.688004	503	7658	521	71158	5	13	4	11131	6133	12629	19321	14063	7881
955	40.827728	111.658539	342	4818	333	15867	1	4	3	3210	3418	3306	2283	2893	757
855	40.835307	111.641695	366	4712	394	15806	1	8	4	1389	1880	4681	2921	3983	952
1486	40.835602	111.726997	464	7535	556	168253	3	11	8	2742	8230	52324	43297	56904	4756
1673	40.896702	111.847	457	5468	480	38472	0	1	0	6878	4830	3246	6522	7243	9753
984	40.802799	111.685997	576	6012	382	30166	10	23	8	3592	3459	7658	6319	7203	1935
1264	40.826801	111.692001	327	5693	340	28953	10	19	16	2415	239	5736	7382	10718	2463
1421	40.833698	111.710999	243	6771	366	27333	1	0	2	5138	4234	4684	4429	5624	3224
962	40.813202	111.674004	341	5534	391	20541	6	28	10	2197	1535	4162	5313	3906	3428
1396	40.818119	111.720207	219	5518	329	26526	5	42	6	1604	1932	8652	5277	5191	3870
1410	40.804798	111.737	228	7011	422	32240	0	1	0	4500	4844	3394	3748	5229	10525
1412	40.806198	111.736	303	5787	311	15866	1	1	0	2293	2539	2453	3409	2545	2627
1255	40.843498	111.674004	543	7366	491	66771	1	11	6	9532	5867	8357	12719	9966	20330
937	40.8097	111.675003	495	3992	371	12277	19	28	7	1276	1154	3548	2068	2064	2167
1018	40.8162	111.675003	255	3594	295	11510	5	23	12	1237	372	2056	2944	2936	1965
1269	40.820999	111.697998	371	5144	301	14923	7	19	9	1347	782	1539	2825	3882	4548
1202	40.826099	111.684998	332	5102	376	21331	14	27	24	1649	2381	3708	3895	3295	6403
593	40.8106	111.619003	309	4117	347	13273	1	4	1	1239	2646	2397	2401	3658	932
727	40.808601	111.654999	399	6597	315	19504	3	16	9	2960	1429	2023	3085	5345	4662
715	40.8241	111.637001	246	5238	326	15774	0	1	0	2699	2937	2000	2522	1844	3772
970	40.802101	111.685997	476	6242	419	30054	3	18	9	6193	3649	6770	5242	6379	1821
899	40.828098	111.653	262	2675	228	9637	5	5	4	13	57	2705	3138	3653	71
1228	40.854301	111.660004	171	4572	272	15575	0	2	0	753	413	3406	4950	4376	1677
1334	40.828499	111.698997	398	5235	330	15165	5	6	4	1297	1307	3320	3701	3454	2086
426	40.491798	111.782997	443	7887	538	74751	0	1	0	8832	8446	9411	15912	15018	17132
985	40.828999	111.660004	356	2733	282	12296	5	12	9	0	0	3608	5314	3374	0
377	40.3806	111.828003	275	3260	314	11545	0	1	2	314	629	1436	3414	1994	3758
1151	40.813099	111.692001	492	7038	545	41234	2	7	2	6889	6847	6416	9101	7292	4689
586	40.774799	111.652	245	3671	368	17062	1	0	0	1323	1270	3631	4007	3696	3135
1067	40.8046	111.692001	402	7094	476	45978	0	6	0	9636	8618	7264	9883	6401	4176
949	40.800753	111.684598	385	4783	312	18469	4	14	7	2993	3358	4989	2529	3326	1274
1026	40.808701	111.682999	305	3913	330	25117	8	12	8	249	2121	10367	3522	8182	676
1013	40.808899	111.681999	442	6467	431	38779	9	14	5	9671	5878	4739	7077	6799	4615
846	40.817501	111.658997	303	5499	334	25768	2	8	12	4335	770	4844	4365	5045	6409
871	40.805	111.672997	306	4391	302	15052	5	6	3	1290	1641	5108	2232	3753	1028
1324	40.837799	111.689003	217	3215	305	13156	1	4	6	1	4	4345	4304	4502	0
433	40.490101	111.788002	445	4864	379	22186	0	1	0	2005	1412	4212	4420	4283	5854
1686	40.905102	111.842003	334	7679	523	75683	0	0	1	6885	7798	6485	15898	15437	23180
707	40.816299	111.642998	291	3621	248	10159	4	4	5	406	229	1926	2434	3835	1329
613	40.759499	111.675003	350	8116	494	82695	0	1	0	10705	8812	6025	14342	15345	27466
492	40.794701	111.555	378	2112	234	5787	0	1	0	223	674	1760	1763	1226	141
494	40.797001	111.555969	273	3521	277	11483	3	2	0	639	1099	3562	3137	2468	578
1054	40.853001	111.641998	230	5214	273	15198	1	0	0	1816	2446	2441	2615	2450	3430
619	40.760201	111.676003	301	7928	481	75661	0	1	0	10781	7838	11570	15140	11769	18563
1163	40.813	111.693001	319	6577	424	42168	4	10	6	8195	5501	6306	11196	6625	4345
1002	40.839001	111.651001	352	7267	497	65328	2	1	5	5137	6965	8143	12651	11978	20454
1685	40.905602	111.841003	268	7817	526	97065	0	0	1	12244	16079	11638	18936	13991	24177
1028	40.817699	111.674004	164	4420	277	15308	13	28	15	1519	1359	3600	3266	3407	2157
1677	40.8979	111.847	319	7357	492	60132	0	1	0	10628	8392	5835	12517	10691	12069
641	40.800301	111.640999	224	3425	288	8911	4	1	4	860	1335	1747	2216	2214	539
1257	40.812698	111.705002	277	6738	372	41138	1	6	2	9933	7403	6851	7724	5944	3283
822	40.813099	111.661003	263	2583	204	8811	1	31	13	0	28	2498	3100	3019	166
812	40.812	111.661003	216	4815	265	16465	3	28	20	897	1001	4431	4129	3918	2089
1292	40.860439	111.661453	233	6077	331	18855	1	0	0	1895	2108	3288	2963	3676	4925
1077	40.8363	111.661003	288	6226	400	36745	6	5	7	5213	4253	6979	8103	9240	2957
1004	40.7952	111.695	139	4647	303	12895	5	6	0	1661	1219	2444	1642	3021	2908
1674	40.897701	111.846001	310	6008	373	35662	0	1	0	3499	4822	1704	7090	9188	9359
587	40.774899	111.652	249	3238	283	10670	1	0	0	836	766	3506	2620	2124	818
964	40.827301	111.660004	223	2227	233	7963	3	11	7	0	54	2657	3116	2136	0
1138	40.8167	111.686996	163	3906	315	14875	3	4	2	1177	1133	4333	2924	3072	2236
623	40.760601	111.677002	233	6592	467	44664	0	1	0	5352	5283	4797	9159	7134	12939
954	40.800201	111.685997	287	7408	451	53905	6	13	6	11637	10827	7633	10495	9633	3680
1681	40.9044	111.841003	313	7080	371	28229	0	0	1	4715	5709	4358	4399	4964	4084
1547	40.838699	111.745003	318	1865	224	5060	3	3	1	279	503	1279	1551	1146	302
1173	40.823799	111.682999	254	3005	217	8492	20	44	21	518	11	1630	1977	1839	2517
767	40.814701	111.653999	222	2851	259	8700	2	42	3	2318	984	1365	999	1156	1878
1298	40.8438	111.679001	254	6445	433	49200	7	20	10	4312	3850	5982	12096	6985	15975
762	40.818802	111.649002	226	3429	247	11638	1	3	3	1434	721	3624	2238	1861	1760
868	40.8148	111.663002	277	3606	257	10800	10	32	14	373	398	3040	3145	2365	1479
724	40.808399	111.654999	278	6243	322	19914	3	16	8	3679	1145	2244	3682	4122	5042
432	40.4893	111.788002	281	7831	492	73400	0	1	0	9193	4816	8114	16346	13211	21720
1293	40.834999	111.686996	139	2965	274	13046	0	13	14	10	74	4189	4102	4655	16
966	40.8134	111.674004	144	5245	281	19025	5	31	11	1570	1114	4860	3576	4628	3277
714	40.816101	111.644997	217	3726	316	12820	0	9	4	701	133	3149	3655	3724	1458
1258	40.813	111.705002	254	7574	419	52184	1	6	2	11395	8146	9811	9134	9137	4561
1541	40.825718	111.756454	113	4769	313	15332	2	0	0	641	733	3269	3763	4644	2282
1145	40.829102	111.675003	181	2113	205	5263	14	41	15	291	763	845	1503	1495	366
987	40.802101	111.686996	235	6443	403	32716	3	12	9	6857	3286	6563	6424	5881	3705
981	40.838501	111.650002	291	5274	375	31773	1	0	2	3840	2313	2898	5911	6797	10014
838	40.810299	111.665001	182	3362	290	12132	9	17	24	128	298	3628	3282	3468	1328
1177	40.814201	111.693001	295	6622	435	34688	5	18	9	7674	5666	4072	7552	5704	4020
1330	40.827099	111.699997	228	3089	250	8505	6	10	5	1087	569	598	1652	2345	2254
692	40.807598	111.649002	177	2939	231	8859	0	2	0	1143	14	1761	2234	1927	1780
1252	40.82618	111.691132	220	3731	262	14648	9	18	16	38	32	3837	4652	4889	1200
1675	40.897301	111.847	236	4785	349	24534	0	1	0	3010	4420	1233	4865	5358	5648
1153	40.800201	111.705002	136	5977	318	25752	2	2	1	2884	2706	6450	5001	6875	1836
921	40.821201	111.662003	164	3793	225	11408	4	29	12	981	278	1463	2691	3319	2676
666	40.802799	111.646004	226	2032	158	3687	1	8	2	642	501	702	692	1026	124
1509	40.836601	111.732002	173	1889	221	7065	2	8	3	30	152	3000	2152	1700	31
1287	40.843102	111.678001	208	6750	412	51785	2	12	4	12239	4638	9150	8873	5082	11803
888	40.817902	111.662003	126	3689	246	9876	8	21	12	894	608	1718	1362	2894	2400
1678	40.903099	111.842003	232	5644	409	33043	0	0	1	4137	3393	6316	5801	6017	7379
961	40.8242	111.663002	102	3709	224	10529	0	19	5	890	473	2300	1858	2492	2516
1209	40.8083	111.704002	199	3141	233	9046	2	6	3	1855	931	2119	1373	1963	805
778	40.810799	111.658997	176	2370	238	6453	7	32	18	55	131	2125	2021	1993	128
1302	40.8442	111.679001	243	6347	425	36554	7	19	10	5761	3593	6038	7451	4689	9022
1411	40.806099	111.736	192	1571	200	4104	1	1	0	893	837	740	288	704	642
1303	40.821301	111.702003	182	3488	272	15191	6	24	11	77	248	4759	5693	3546	868
1271	40.8451	111.674004	215	7173	440	45115	0	1	0	4880	3580	8094	10409	5930	12222
995	40.838699	111.651001	271	4489	357	25493	2	1	2	1744	2203	2560	4831	4012	10143
1259	40.8251	111.693001	136	2389	240	7026	6	28	12	290	218	1621	1807	2122	968
1385	40.8451	111.691002	153	1676	198	4628	6	10	8	196	434	420	641	777	2160
952	40.812698	111.672997	127	1739	212	4600	8	19	11	241	231	1099	1124	1270	635
1118	40.851299	111.651001	211	2491	204	5239	0	4	1	379	554	1315	830	1127	1034
1063	40.836201	111.660004	194	5105	370	24890	5	5	6	2262	3119	5563	5952	5610	2384
898	40.816002	111.665001	187	2905	298	16400	19	51	23	0	10	6750	5708	3932	0
790	40.811901	111.658997	143	2781	251	10284	3	30	12	0	164	3675	3142	3015	288
805	40.818298	111.653999	149	3875	203	11571	6	8	6	1486	1666	2272	2349	3204	594
648	40.790699	111.653	172	1531	166	3832	3	1	0	198	7	972	986	1351	318
1314	40.847301	111.678001	217	3491	319	17856	1	4	3	2999	1505	2685	3359	2169	5139
1204	40.8242	111.686996	176	2099	231	9498	9	35	23	499	701	1423	4279	1658	938
747	40.809799	111.655998	122	4882	254	17374	9	30	12	2807	1386	3955	3003	4120	2103
1053	40.821999	111.672997	104	1994	203	6322	9	10	6	12	92	1841	2065	2267	45
655	40.812199	111.633003	126	4613	306	15983	1	13	5	2565	3195	1138	1910	1813	5362
879	40.815601	111.663002	146	3157	214	9905	16	46	19	52	8	2514	2957	3780	594
991	40.838299	111.651001	211	5398	333	30010	1	0	1	2260	3114	3521	6355	4716	10044
622	40.760101	111.677002	156	6771	328	31997	0	1	0	4541	3120	2451	7046	5379	9460
1527	40.822899	111.751999	149	1698	176	4242	0	1	0	170	204	1181	1217	947	523
1409	40.817699	111.723999	160	2440	190	5702	1	5	5	79	319	1115	1734	1573	882
994	40.808601	111.681	235	4628	333	21926	2	18	5	3613	3400	2565	5151	4685	2512
1341	40.8382	111.690002	132	2367	173	8072	1	7	7	0	0	2621	2770	2681	0
1468	40.868698	111.689003	175	2788	354	25060	1	0	0	0	1554	12674	2069	4928	3835
1683	40.9035	111.842003	212	6798	415	41249	0	0	1	5315	6421	4271	7632	5831	11779
1285	40.83696	111.684013	117	2453	212	5705	3	14	3	601	747	1621	759	1442	535
1336	40.8386	111.689003	131	1885	205	5012	1	7	8	3	10	1699	1651	1640	9
1261	40.854401	111.664001	201	556	158	2173	0	3	0	372	326	753	722	0	0
1305	40.844501	111.679001	194	5516	488	41192	8	18	10	3997	5131	5498	7061	6118	13387
1679	40.8983	111.847	223	3825	245	14084	0	1	0	568	1376	535	2822	3945	4838
1280	40.8274	111.693001	136	1981	174	9787	7	14	12	181	1125	1934	2221	1437	2889
1254	40.82618	111.691254	174	2717	208	8179	8	15	14	1	13	2085	2957	2620	503
1424	40.831402	111.713997	113	1279	199	4442	3	5	6	14	45	1205	1555	1515	108
1017	40.809101	111.681999	217	4956	291	20616	9	13	5	5277	2476	2161	4033	3901	2768
1182	40.827099	111.681	71	2300	224	7451	5	24	6	2300	472	825	1149	1598	1107
1070	40.800999	111.695999	201	1195	160	2427	0	1	1	116	264	528	810	556	153
972	40.8391	111.649002	266	1395	177	4319	1	1	3	8	176	1295	1434	1263	143
1256	40.812599	111.705002	182	3549	294	14841	1	6	2	2436	1867	1511	4896	2681	1450
1169	40.811501	111.695	90	1648	159	3630	5	20	12	405	193	906	842	1150	134
1037	40.8022	111.691002	129	3596	259	12908	0	3	2	4141	1705	1089	2854	1545	1574
1240	40.8027	111.713997	124	4008	222	9337	1	1	2	1685	1855	2345	1946	1191	315
1031	40.806999	111.684998	76	3419	233	12915	9	9	9	3107	1627	487	5278	1250	1166
1321	40.8283	111.697998	154	3771	241	9901	3	7	4	1646	1448	1808	1430	1543	2026
777	40.804699	111.665001	125	1831	177	4753	3	12	11	0	15	1884	1710	1131	13
1464	40.8353	111.722	164	2227	158	4663	6	16	5	428	352	1303	1306	1176	98
1125	40.8396	111.663002	119	2344	189	6231	2	9	8	434	352	1330	1128	2022	965
1427	40.824001	111.722	76	1507	154	3500	2	6	2	16	122	1100	1180	901	181
800	40.823799	111.648003	84	2186	151	4856	6	21	7	653	694	870	1008	802	829
646	40.7985	111.644997	121	2576	225	7755	1	2	6	564	344	2507	2311	1774	255
997	40.802799	111.686996	188	3582	298	14724	7	21	11	3578	1904	2966	3056	2330	890
909	40.805099	111.677002	169	3126	222	11225	5	23	6	333	286	3712	2639	3882	373
869	40.814899	111.663002	110	3462	152	5342	11	39	15	771	932	1148	882	821	788
932	40.806499	111.678001	161	3339	200	7369	7	30	10	2517	1190	1035	1093	1081	453
1308	40.856098	111.667999	61	3541	226	16568	0	3	2	2585	1443	3336	2615	2168	4421
1078	40.836601	111.661003	177	4568	337	21218	6	5	8	2139	1916	4088	5427	5520	2128
1467	40.8606	111.696999	63	2082	206	7224	1	0	0	182	249	2288	1979	1777	749
1001	40.808998	111.681	173	4984	344	26939	4	14	2	7276	2235	5155	4758	5219	2296
616	40.7598	111.676003	145	5075	284	27039	0	1	0	1725	1906	4321	5840	3758	9489
1498	40.810699	111.754997	83	2259	176	4001	0	1	0	1188	799	277	289	580	868
1049	40.821743	111.672935	96	2113	199	8565	8	10	6	1111	189	1989	2605	2477	194
1230	40.8386	111.676003	92	1961	141	5425	4	16	8	593	319	1197	1186	1976	154
1184	40.827351	111.681229	120	833	120	1581	4	22	6	50	102	251	359	470	349
832	40.8069	111.667999	113	2044	146	4026	1	4	0	287	467	1538	845	866	23
1535	40.837399	111.739998	77	1490	137	3129	1	1	2	64	120	1529	568	794	54
1015	40.7869	111.704002	86	2851	191	7972	2	3	1	499	354	1794	1853	1819	1653
1528	40.837101	111.737999	68	1669	149	4497	1	13	2	316	733	1177	1432	807	32
1005	40.789299	111.700996	84	2086	189	8084	0	0	4	13	236	3636	1995	1846	358
877	40.815399	111.663002	143	2177	175	4889	14	43	19	23	15	961	1503	1748	639
695	40.807598	111.650002	97	2879	192	8183	0	7	1	1603	312	807	1437	2103	1921
1380	40.8311	111.704002	101	2649	233	6571	7	9	4	942	716	1212	1663	1745	293
1172	40.8186	111.688004	72	1734	172	4439	4	4	2	218	275	654	877	1257	1158
607	40.804901	111.628998	119	940	128	2401	1	1	0	340	274	673	420	536	158
1534	40.839001	111.737999	106	720	140	2129	1	0	1	97	651	215	591	466	109
1497	40.838741	111.726936	80	1369	134	2782	0	1	2	245	497	302	1063	474	201
1192	40.837002	111.672997	114	3579	187	9678	4	21	7	1182	1580	2703	1806	2072	335
1448	40.820202	111.733002	102	1382	143	3304	1	2	3	255	228	606	583	1146	486
1085	40.8367	111.662003	118	6001	403	30399	7	5	7	6530	3812	7142	5551	4611	2753
1221	40.815498	111.697998	164	1772	190	5502	3	20	7	1647	62	1021	1099	1232	441
1544	40.84	111.742996	50	919	157	2411	1	3	1	47	120	1255	690	285	14
1238	40.8414	111.675003	61	4119	220	12237	1	9	6	2208	856	2271	1828	1698	3376
643	40.775799	111.666	67	2873	161	6358	0	1	1	839	476	868	849	1166	2160
1195	40.823601	111.686996	81	2831	171	5617	9	32	19	1291	940	687	822	884	993
1100	40.850601	111.650002	99	2333	198	7096	5	2	2	1125	287	799	1593	1510	1782
986	40.839001	111.650002	126	4807	306	21554	1	0	1	2040	1532	3015	4094	3332	7541
1278	40.827999	111.692001	107	2897	180	8050	8	17	13	1271	421	1034	1622	1124	2578
1132	40.8172	111.685997	97	1584	182	4711	3	11	3	64	659	1111	1004	1409	464
1233	40.856701	111.658997	79	782	136	2135	1	0	0	0	25	1054	659	255	142
1171	40.826599	111.68	86	1949	138	5146	5	19	7	47	254	2569	865	1049	362
1178	40.828499	111.679001	73	1419	177	4298	5	15	6	91	74	1731	1110	1228	64
1529	40.824947	111.750877	69	3906	184	11280	0	1	0	518	832	3990	2855	2117	968
731	40.809799	111.653999	86	1831	133	4303	5	16	8	527	769	1032	702	810	463
1295	40.827301	111.695	71	2745	175	8747	5	9	7	35	195	3502	2074	2736	205
865	40.814499	111.663002	123	2553	178	5777	5	26	10	408	232	1131	1857	1155	994
1532	40.840401	111.736	91	870	127	1798	1	2	2	472	409	372	225	211	109
928	40.790199	111.694	70	2288	195	7892	1	9	4	1	118	3214	2916	1620	23
1277	40.820702	111.698997	76	3082	196	6880	7	20	7	341	937	1698	1099	1570	1235
1355	40.831699	111.698997	95	3626	184	8504	4	11	12	817	750	961	1854	1799	2323
850	40.804798	111.671997	77	2506	188	7681	7	8	5	0	51	3501	2358	1723	48
886	40.815899	111.664001	75	868	93	1927	19	56	21	54	28	537	674	389	245
1454	40.82457	111.730064	49	1393	171	2812	0	2	1	145	128	724	929	702	184
1030	40.789902	111.702003	74	1570	154	4782	0	0	4	231	385	1260	632	647	1627
896	40.816898	111.664001	59	1520	113	2848	19	53	20	543	468	705	314	436	382
1337	40.8237	111.704002	81	869	105	1923	4	2	5	0	7	590	727	547	52
1361	40.848	111.682999	125	2963	298	11723	0	1	0	0	2275	2072	2736	1971	2669
1123	40.824501	111.678001	65	1419	120	4113	13	27	24	339	986	412	583	944	849
858	40.805302	111.671997	114	1284	162	3381	8	8	6	25	414	840	703	1284	115
1327	40.820999	111.706001	74	1791	145	7396	8	16	11	0	0	853	1347	3743	1453
1342	40.828602	111.699997	97	2743	177	7240	6	7	3	738	216	868	2191	2491	736
1507	40.815201	111.752998	48	1845	178	5164	1	0	0	236	193	1444	1340	1071	880
854	40.778	111.698997	58	1181	127	2294	1	0	0	193	246	1079	331	232	213
959	40.812901	111.674004	61	998	112	1944	8	27	10	262	128	434	433	336	351
1347	40.8619	111.667	88	1602	108	2696	0	1	1	360	437	746	282	518	353
1457	40.834499	111.721001	99	955	131	1933	5	12	6	109	213	404	660	513	34
1229	40.802601	111.711998	68	914	131	3245	1	3	5	248	1024	705	533	640	95
1096	40.800301	111.699997	107	1126	158	2230	4	16	6	559	338	494	537	197	105
897	40.817902	111.663002	55	870	103	1747	12	35	11	135	452	245	440	257	218
1251	40.839298	111.678001	44	2664	112	4742	1	16	6	38	95	1623	1403	1446	137
491	40.794601	111.555	96	1162	127	2667	0	1	0	0	20	1146	908	584	9
963	40.824299	111.663002	46	1171	127	3267	0	19	6	251	6	607	191	168	2044
1443	40.816509	111.734344	71	594	124	1733	0	3	0	45	284	190	357	402	455
864	40.780499	111.696999	50	2601	112	4964	0	2	0	581	643	926	1183	888	743
796	40.8046	111.667	64	786	120	1899	2	13	8	48	50	935	385	469	12
1270	40.828098	111.691002	73	1553	145	4067	9	18	13	489	195	616	1088	857	822
704	40.8228	111.636002	43	2647	137	4132	1	1	0	395	399	944	843	926	625
375	40.380299	111.825996	48	1976	137	4624	1	4	2	615	275	695	1147	839	1053
1329	40.837002	111.690002	55	522	110	1235	3	6	6	0	0	278	463	493	1
1343	40.828701	111.699997	68	2421	164	6177	6	6	3	1620	799	1064	641	1158	895
1008	40.808601	111.681999	79	3718	227	13228	5	12	5	2690	2346	2857	2712	1607	1016
1160	40.813499	111.692001	135	1449	179	3476	2	9	4	295	340	469	702	825	845
1183	40.825401	111.682999	51	564	86	1157	16	32	20	361	113	296	81	148	158
1268	40.810902	111.708	61	2513	147	6008	4	19	9	1806	15	472	585	2045	1085
1058	40.8536	111.641998	62	915	134	5307	1	0	0	234	2153	384	822	404	1310
880	40.820702	111.657997	70	2141	161	5915	0	45	1	189	319	2138	1940	791	538
768	40.794701	111.674004	51	1331	126	3618	2	4	6	569	486	649	510	1113	291
918	40.823002	111.660004	23	523	100	1337	1	7	1	24	13	691	319	244	46
1364	40.844101	111.686996	56	4344	239	15557	3	3	5	1304	1860	927	3078	4020	4368
996	40.808701	111.681	125	1313	137	4213	3	18	5	1306	1327	221	842	373	144
860	40.781399	111.695999	59	1642	126	4890	0	2	0	407	353	2023	1015	830	262
1219	40.825401	111.688004	37	1961	177	7752	14	33	31	0	135	3618	1981	2018	0
866	40.801601	111.676003	40	1614	141	4277	5	14	4	157	624	1551	1033	785	127
1187	40.853901	111.654999	48	632	137	1528	0	4	2	8	36	532	346	470	136
1174	40.803902	111.703003	31	506	99	1132	0	1	1	66	92	216	202	490	66
1108	40.8503	111.651001	79	811	151	3147	2	3	1	269	75	1371	745	414	273
1363	40.857651	111.673401	36	1603	137	4079	0	1	0	800	482	306	844	367	1280
726	40.808498	111.654999	85	1902	119	3723	3	16	8	875	794	1090	177	183	604
973	40.815201	111.672997	50	1875	177	7992	3	23	10	0	28	4056	2283	1510	115
693	40.814602	111.641998	43	2371	152	5608	4	4	5	970	663	1156	913	1147	759
957	40.7836	111.703003	41	1791	133	3678	0	2	0	330	713	347	807	867	614
1234	40.826118	111.689713	61	715	118	1538	15	33	19	17	50	225	382	682	182
1491	40.835999	111.728996	42	1169	129	4233	4	11	5	1113	71	1279	805	944	21
920	40.7542	111.728996	41	2033	97	3030	1	0	0	420	458	536	309	472	835
1095	40.850201	111.650002	62	1120	121	2343	4	2	2	127	146	498	457	697	418
941	40.77	111.714996	31	687	114	1663	1	0	0	93	0	767	442	341	20
1286	40.820999	111.699997	60	1100	155	3493	7	14	7	122	93	774	1005	821	678
1253	40.857399	111.660004	55	1032	86	1771	1	0	0	210	37	353	366	433	372
1335	40.816502	111.710999	61	588	128	1417	1	3	3	113	136	200	524	331	113
1215	40.82	111.693001	39	910	98	1451	4	14	5	60	64	479	331	321	196
894	40.817699	111.663002	41	962	141	3369	13	38	13	3	123	1196	1258	710	79
630	40.775299	111.664001	38	249	44	542	0	0	1	26	140	78	22	137	139
1009	40.814602	111.676003	51	826	99	1926	8	30	11	116	64	394	500	352	500
615	40.759899	111.675003	90	257	98	1906	0	1	0	0	0	0	0	282	1624
1499	40.815701	111.75	19	282	46	592	2	0	0	11	9	124	129	245	74
1105	40.814899	111.685997	40	794	116	2046	2	9	5	114	24	1028	570	219	91
816	40.805599	111.667999	29	771	80	1722	2	10	6	153	139	289	337	658	146
1383	40.833401	111.702003	45	1123	106	2179	2	19	10	589	307	376	417	445	45
1386	40.833199	111.703003	44	1891	104	5465	1	14	7	2522	1675	341	334	155	438
1472	40.8284	111.731003	29	343	73	816	1	11	3	54	112	278	192	155	25
1218	40.8284	111.684998	52	301	71	697	4	11	8	27	30	213	193	161	73
654	40.790699	111.653999	36	944	75	4843	3	2	0	2175	1576	354	416	253	69
1548	40.838799	111.745003	44	589	61	1081	3	3	1	8	64	476	173	334	26
1038	40.8283	111.665001	32	1189	77	1913	9	26	22	318	292	478	317	413	95
906	40.782501	111.699448	25	1573	89	3592	0	2	0	260	521	909	640	780	482
934	40.8106	111.674004	38	1752	108	4778	15	26	10	1192	636	386	770	1031	763
1474	40.807899	111.752998	28	333	34	756	0	1	0	77	110	240	111	161	57
1266	40.837898	111.681	33	867	99	2241	1	11	3	19	31	712	839	554	86
845	40.8354	111.640999	45	853	113	2266	1	6	3	0	17	905	770	574	0
1185	40.807701	111.700996	54	1000	125	2513	0	7	2	66	251	854	717	519	106
752	40.809399	111.656998	18	526	86	1679	10	28	16	100	109	394	433	472	171
1511	40.837101	111.732002	43	1267	75	1869	2	6	3	161	167	447	502	275	317
1191	40.8288	111.681	35	637	110	1573	4	18	3	0	3	676	559	302	33
1200	40.797901	111.712997	20	353	68	955	0	5	0	0	1	387	413	154	0
1166	40.841301	111.665001	51	766	118	1823	1	10	4	98	213	192	520	508	292
843	40.779892	111.696327	38	1959	147	7140	0	1	0	2291	175	372	1656	336	2310
1092	40.832901	111.667	30	1163	82	1909	1	7	5	244	366	399	284	554	62
1050	40.825699	111.668999	40	589	77	1376	3	8	5	29	34	435	370	450	58
1080	40.816799	111.681	40	1782	120	3130	4	10	9	544	809	697	347	426	307
1392	40.8321	111.705002	26	588	91	1403	3	3	7	56	17	421	301	532	76
1135	40.796299	111.707001	28	3176	110	14039	0	5	5	4913	4109	1516	538	1358	1605
1370	40.85873	111.673943	27	434	79	1426	0	1	0	120	94	164	67	449	532
1208	40.812099	111.699997	42	549	105	1630	2	20	11	22	17	615	681	254	41
104	40.200901	111.347	32	537	78	1532	0	1	0	2	18	513	190	562	247
1075	40.773201	111.723999	24	537	70	1180	0	1	0	101	4	507	310	205	53
1061	40.823101	111.672997	19	497	90	1450	9	9	4	63	0	666	189	293	239
1231	40.833099	111.681999	23	1027	64	2648	3	6	3	0	0	752	1007	889	0
1165	40.775101	111.731003	37	1121	82	2595	1	0	0	558	269	309	280	345	834
1060	40.795654	111.700348	20	858	72	1556	2	11	4	326	213	139	161	133	584
1148	40.822865	111.681969	28	1204	87	2494	12	43	13	72	1	371	1014	637	399
1052	40.821732	111.672981	27	541	106	1778	8	10	6	196	513	610	86	361	12
1284	40.812901	111.708	29	358	61	688	5	12	6	1	35	308	131	198	15
801	40.801899	111.669998	20	285	60	883	3	13	5	0	31	217	216	398	21
951	40.7826	111.703003	32	1841	102	4246	0	2	0	0	0	811	846	1360	1229
1179	40.802502	111.705002	24	533	48	795	0	1	2	61	36	443	99	151	5
608	40.807201	111.626999	25	345	63	1311	1	1	0	682	108	174	152	171	24
960	40.813	111.674004	11	82	31	185	8	29	10	9	20	77	20	29	30
1161	40.775318	111.73037	31	572	89	1691	1	0	0	7	51	958	357	135	183
746	40.809898	111.655899	24	332	41	595	9	29	11	0	0	132	223	234	6
933	40.820599	111.664001	8	453	95	1365	6	30	10	0	0	634	411	288	32
1142	40.775002	111.728996	24	1242	90	3013	1	0	0	21	71	1486	789	549	97
1025	40.818699	111.672997	27	211	55	512	14	23	18	0	90	131	141	121	29
1046	40.802299	111.692001	23	408	62	1072	0	3	2	18	0	202	312	436	104
1199	40.8078	111.703003	35	327	50	598	2	7	3	222	55	21	232	67	1
789	40.811699	111.658997	21	355	44	854	4	33	11	0	0	200	308	346	0
831	40.819569	111.655273	27	1007	80	2063	3	48	7	217	204	344	242	411	645
1301	40.811199	111.711998	19	512	21	606	5	5	2	87	121	151	90	96	61
703	40.810699	111.648003	19	1417	41	2802	1	10	2	425	256	518	528	421	654
818	40.824799	111.649002	24	501	47	894	6	20	9	133	150	324	52	61	174
793	40.7994	111.671997	18	395	59	975	5	26	9	85	88	507	201	94	0
910	40.826302	111.655998	7	43	20	184	5	7	5	0	4	102	34	40	4
1552	40.835499	111.75	7	650	71	1228	1	1	0	0	0	718	320	190	0
1143	40.824001	111.68	13	412	58	865	13	34	22	4	3	305	426	126	1
914	40.808701	111.674004	12	537	25	705	16	30	6	22	38	177	237	156	75
1211	40.829601	111.682999	17	252	66	780	5	13	3	5	0	228	374	165	8
1306	40.8386	111.684998	13	2801	56	5852	2	10	1	1538	877	1291	989	802	355
795	40.802502	111.668999	10	113	32	286	1	9	7	5	21	76	80	104	0
1181	40.825901	111.681999	7	449	35	1247	14	24	16	462	0	11	110	184	480
945	40.778099	111.707001	12	143	31	417	1	0	0	0	30	55	13	126	193
1150	40.823101	111.681999	9	21	14	65	12	46	17	0	0	6	38	21	0
990	40.802299	111.686996	17	248	57	567	6	17	9	90	138	117	65	97	60
720	40.7948	111.667	10	97	30	235	3	23	11	0	0	210	13	12	0
1114	40.8508	111.651001	15	73	19	155	2	3	1	13	1	4	45	42	50
925	40.808998	111.675003	7	77	23	180	16	27	5	0	0	175	5	0	0
1126	40.851799	111.651001	14	149	31	288	0	2	1	0	0	35	53	137	63
923	40.8064	111.677002	8	40	23	254	9	27	7	4	2	243	2	3	0
900	40.783199	111.697998	8	243	31	384	0	1	0	0	73	99	25	152	35
1036	40.823898	111.668999	6	41	16	126	3	6	7	12	0	82	2	30	0
977	40.829399	111.658997	8	41	20	78	3	15	9	15	15	29	18	0	1
938	40.820702	111.664001	8	170	46	552	6	30	10	15	30	315	23	131	38
1549	40.838902	111.745003	6	18	13	41	3	3	1	0	1	1	12	27	0
1374	40.8573	111.676003	4	13	6	32	0	1	0	0	0	11	20	0	1
976	40.816399	111.671997	9	98	48	240	5	24	14	67	15	113	13	32	0
930	40.811298	111.672997	10	89	18	179	10	29	14	16	19	24	63	50	7
1113	40.851799	111.650002	9	56	18	122	4	2	1	36	0	12	60	2	12
1376	40.823799	111.709999	6	62	38	183	5	24	8	1	2	94	42	44	0
1109	40.851299	111.650002	6	27	5	29	5	3	2	0	0	1	5	21	2
498	40.799	111.558998	2	15	9	24	1	0	1	0	0	11	13	0	0
673	40.807201	111.643997	8	104	10	114	0	0	1	20	6	0	82	6	0
1117	40.8521	111.650002	5	13	15	35	2	2	1	2	0	9	24	0	0
1479	40.816799	111.745003	4	25	10	47	0	0	1	0	6	24	10	3	4
968	40.779999	111.708	5	19	4	22	1	7	0	0	0	11	5	3	3
493	40.800301	111.552002	2	2	3	3	3	0	1	0	0	2	1	0	0
1214	40.797798	111.714996	2	3	2	6	0	4	0	0	0	6	0	0	0
1340	40.835815	111.692322	1	5	1	5	2	5	9	0	0	4	1	0	0
1391	40.8251	111.711998	3	31	11	44	5	21	7	9	0	1	6	28	0
99	40.200802	111.344002	2	877	25	1771	0	1	0	231	117	164	669	181	409
1393	40.825199	111.711998	1	2	2	4	3	19	6	1	3	0	0	0	0
