平均值	4.270000350729517	0.655666959318393	1.6867299035757817	0.1035936198906629	1.7179310654333055	0.2575174912204482	0.8588005389920712	0.6493648590142765	1.0728870620783704	0.28240721884315073	1.360939706201803	0.05570329565065228	0.0213267117108963	0.30366774449995776	0.6318666616885703	0.5789162156209647	0.04586014717063104
SiteId	Latitude	Longitude	UserCount	MinuteCount	URICount	TotalCount	美食	休闲娱乐	购物	结婚	宾馆酒店	旅游景点	教育培育	生活服务	医疗服务	丽人	汽车服务	运动健身	商务服务	机构	金融银行	楼宇小区	交通出行	工作区	生活区	商业区
614	40.776901	111.657997	13849	8840	3624	303831	0	0	0	0	0	0	1	1	1	0	1	0	0	0	0	0	0	1	3	0
656	40.791801	111.653999	12546	8636	3611	249941	13	1	4	2	6	1	3	1	5	2	1	0	1	2	5	2	0	12	24	13
915	40.84053	111.642311	12527	8858	3860	394683	1	0	1	0	0	0	4	0	3	0	0	0	0	0	0	2	0	2	8	1
901	40.832152	111.649285	12497	8494	3000	155216	5	0	6	0	6	1	1	0	3	0	3	0	0	0	4	0	2	10	9	12
1545	40.837	111.746013	12173	8663	4401	408578	6	3	4	0	1	2	0	1	0	0	4	0	0	0	2	0	1	9	7	8
1668	40.8983	111.838997	12110	8498	3821	419805	1	0	0	0	0	0	0	0	0	0	0	0	0	0	0	0	0	0	1	0
763	40.819801	111.648003	12078	8771	3376	251213	19	3	3	1	5	1	3	3	1	1	1	0	0	1	2	1	0	6	27	12
1019	40.859249	111.632004	11919	8804	3806	312069	0	0	0	0	0	0	0	0	0	0	1	0	0	0	0	0	0	1	0	0
605	40.766102	111.667	11646	8846	4007	349597	2	0	0	0	0	0	0	0	0	0	0	0	0	0	0	0	0	0	2	0
599	40.7915	111.639999	11509	8673	3582	321817	8	0	6	0	2	0	2	1	2	0	3	0	0	1	0	1	0	5	13	8
633	40.803101	111.637001	11253	8689	3896	412410	13	2	8	0	5	0	2	4	7	1	5	0	0	0	3	1	0	9	27	15
553	40.775799	111.635002	10936	8856	3817	349370	0	0	0	0	0	0	0	0	0	0	0	0	0	0	0	2	0	2	0	0
690	40.816299	111.639999	10711	8832	3312	276007	12	2	5	0	8	2	3	0	4	1	0	0	1	0	2	1	0	6	20	15
631	40.788502	111.651001	10605	8655	3351	286856	2	1	1	0	2	1	1	0	0	0	1	0	0	0	0	1	0	3	3	4
935	40.76997	111.714699	10578	8879	4201	475180	0	0	0	0	0	0	0	0	0	0	0	0	0	0	0	1	0	1	0	0
548	40.793701	111.614998	10310	8658	3709	320288	4	0	2	1	2	0	1	0	0	0	0	0	0	1	0	0	0	1	5	5
1496	40.8755	111.690002	10162	8862	4087	465104	0	0	0	0	0	0	0	0	0	0	1	0	0	0	0	0	0	1	0	0
808	40.852059	111.620455	10131	8830	4167	501022	0	0	0	0	2	0	0	0	0	0	0	0	0	0	0	0	0	0	0	2
1669	40.9016	111.837997	10075	8878	4032	545906	0	0	0	0	1	0	0	0	0	0	0	0	0	0	0	0	0	0	0	1
436	40.493649	111.787767	10038	8879	4298	612190	2	0	0	0	0	0	1	0	0	0	0	0	0	0	0	0	0	0	3	0
1671	40.896702	111.845001	9932	8836	3721	442271	0	0	0	0	0	0	1	0	0	0	0	0	0	0	0	0	0	0	1	0
1039	40.854191	111.639308	9892	7723	2506	98825	0	0	0	0	0	0	0	0	0	0	0	0	0	0	0	1	0	1	0	0
460	40.785702	111.537003	9846	8655	3940	346520	0	0	0	0	0	0	0	0	0	0	0	0	0	0	0	2	0	2	0	0
1134	40.857201	111.646004	9652	8809	3312	269165	0	0	1	0	2	0	0	0	0	0	3	0	0	0	0	2	0	5	0	3
1435	40.86388	111.683207	9609	8814	3324	267658	2	1	0	0	1	0	0	1	0	0	0	0	0	0	0	0	0	0	3	2
862	40.829399	111.648003	9538	8451	2745	174264	6	0	2	0	5	1	1	1	3	0	1	0	0	0	2	0	1	5	11	7
530	40.809662	111.581764	9310	8420	3076	168311	0	0	2	0	0	0	0	0	1	0	1	0	0	0	0	0	0	1	1	2
873	40.851101	111.626999	9247	8832	3417	282539	2	0	0	0	2	0	4	0	0	0	1	0	0	0	0	0	0	1	6	2
1699	40.9016	111.849998	9128	8777	3420	353289	0	0	0	0	1	0	1	0	0	0	0	0	0	0	0	0	0	0	1	1
464	40.783798	111.544998	9087	8566	3915	426453	0	0	0	0	0	0	0	0	0	0	0	0	0	0	0	3	0	3	0	0
1688	40.906799	111.841003	8988	8862	3773	465393	0	0	0	0	1	0	0	0	0	0	0	0	0	0	0	0	0	0	0	1
1444	40.872398	111.679001	8957	8251	3954	433794	1	0	0	0	0	0	0	0	0	0	0	0	0	0	0	0	0	0	1	0
1003	40.7971	111.693001	8885	8610	3427	245637	19	1	2	0	3	0	0	1	6	2	9	0	0	2	3	0	0	14	28	6
1456	40.866402	111.689003	8799	8840	3464	284631	0	0	1	0	0	0	0	1	0	0	2	0	0	0	2	1	0	5	1	1
1318	40.85765	111.66798	8689	8854	3681	396848	11	4	0	1	2	0	0	1	2	1	1	0	0	1	1	1	0	4	15	7
1242	40.802799	111.713997	8646	8661	3886	392131	14	2	2	0	5	1	0	1	0	0	1	0	0	0	1	0	0	3	15	9
1390	40.806999	111.730003	8482	8881	4363	637614	2	0	0	0	0	1	1	0	0	0	0	0	0	0	0	1	0	2	3	0
1010	40.838699	111.652069	8477	8873	3969	517275	9	3	5	0	5	3	5	0	3	0	4	0	0	0	2	0	0	9	17	13
699	40.779457	111.678472	8465	8761	3322	210925	2	0	0	0	1	0	0	0	0	0	1	0	0	0	0	1	0	2	2	1
1154	40.84091	111.66438	8437	8727	2928	175431	16	5	5	2	8	2	10	2	4	2	2	0	0	1	2	0	0	7	34	20
601	40.794863	111.636652	8161	8645	3242	268273	10	0	5	0	3	0	0	1	1	0	3	0	0	0	0	0	0	3	12	8
1546	40.844153	111.739368	8123	8612	3169	211239	2	0	3	0	5	1	1	0	0	1	2	0	0	1	0	0	1	5	4	8
982	40.838581	111.650002	8102	8816	3419	376698	8	3	6	0	4	2	6	0	3	0	4	0	0	0	3	1	0	10	17	13
1450	40.820801	111.733002	8045	8798	2957	189218	10	0	2	1	5	0	0	2	3	0	3	0	0	1	0	1	0	5	15	8
626	40.764198	111.674004	7925	7685	3583	341748	2	0	0	0	0	0	0	0	0	0	0	0	0	0	0	0	0	0	2	0
783	40.7854	111.684998	7923	8710	2942	166759	3	0	1	0	2	0	0	2	1	0	1	0	0	0	0	1	0	2	6	3
1442	40.8428	111.708	7884	8830	3109	214967	4	1	4	0	4	0	1	4	1	0	1	0	0	0	0	1	0	2	10	9
1369	40.798401	111.734001	7828	8854	3738	344176	2	0	1	0	0	0	0	1	1	0	1	0	0	0	0	0	0	1	4	1
558	40.7794	111.635002	7806	8857	3694	397500	0	0	1	0	1	0	0	0	1	0	0	0	0	0	0	2	0	2	1	2
477	40.7901	111.551003	7780	8669	3556	319861	0	0	0	0	0	0	1	0	0	0	0	0	0	0	0	1	0	1	1	0
993	40.835602	111.653999	7713	8549	2822	150382	3	4	5	0	2	3	1	0	0	0	2	0	0	0	0	0	0	5	4	11
1055	40.8363	111.658997	7616	8621	3506	292243	7	2	3	1	4	2	2	2	1	1	2	0	0	0	2	0	0	6	13	10
410	40.47625	111.783302	7525	8750	3015	218738	0	0	1	0	1	0	0	0	0	0	0	0	0	0	1	0	0	1	0	2
254	40.726799	111.168999	7487	8682	3088	194976	1	0	0	0	0	0	0	0	0	0	0	0	0	0	0	1	0	1	1	0
1281	40.8628	111.6576883	7448	8700	2954	182874	1	0	1	0	1	0	0	1	0	0	1	0	0	1	0	1	0	3	2	2
1676	40.902401	111.842003	7438	8592	3165	297866	0	0	0	0	1	0	0	0	0	0	0	0	0	0	0	0	0	0	0	1
62	40.270046	111.208366	7346	8849	3428	379416	4	0	0	0	1	0	0	0	0	0	1	0	0	0	0	0	0	1	4	1
1309	40.847198	111.677002	7198	8817	3203	311551	16	3	2	1	6	2	2	3	6	4	2	0	0	3	3	0	0	10	31	12
606	40.819199	111.613998	7073	8588	2848	180839	4	0	6	0	1	0	0	0	0	0	15	0	0	0	0	0	0	15	4	7
568	40.817101	111.601997	7065	8631	3342	251930	1	0	0	0	0	0	0	0	0	0	5	0	0	0	0	1	0	6	1	0
1554	40.892799	111.693001	7050	8769	3847	456356	0	0	0	0	0	0	1	0	0	0	0	0	0	0	0	0	0	0	1	0
536	40.812843	111.582795	7045	8417	2672	133107	0	0	1	0	0	0	0	0	1	0	1	0	0	0	0	0	0	1	1	1
540	40.7971	111.605003	7036	8852	3488	371837	2	0	1	0	0	0	1	1	0	0	1	0	0	0	0	0	0	1	4	1
54	40.276539	111.191353	6974	8780	2982	236607	4	0	0	0	4	0	2	0	0	0	0	0	0	0	1	0	0	1	6	4
663	40.814419	111.634003	6968	8307	3697	421731	16	1	10	0	7	1	4	5	4	0	4	0	0	1	3	0	0	9	29	18
582	40.795399	111.628998	6963	8622	3305	299324	3	0	4	0	0	0	0	2	2	0	1	0	0	0	0	2	0	3	7	4
1573	40.875999	111.721001	6911	8829	3400	292325	0	0	0	0	0	0	0	0	1	0	0	0	0	0	0	0	0	0	1	0
355	40.371899	111.803001	6894	8821	3105	268145	1	0	0	0	0	0	0	0	0	0	0	0	0	0	0	0	0	0	1	0
577	40.807598	111.614998	6871	8624	3087	248971	2	0	2	0	2	0	2	2	2	0	1	0	0	0	0	3	0	4	8	4
691	40.8125	111.643997	6855	8831	3205	279393	10	6	2	1	6	2	2	2	2	2	0	0	1	3	0	1	0	7	18	15
658	40.796001	111.650002	6853	8565	3051	189303	15	4	12	0	10	0	1	4	3	0	6	0	0	1	1	0	0	8	23	26
669	40.783501	111.667	6807	8853	3432	344229	4	0	1	0	2	1	1	0	1	0	1	0	0	0	0	0	0	2	6	3
419	40.490955	111.780132	6789	8727	3269	323718	1	0	0	0	0	0	0	0	0	0	0	0	0	0	0	0	0	0	1	0
1413	40.8423	111.699997	6781	8813	2979	207406	10	1	16	0	6	2	6	7	2	2	0	0	0	2	5	2	0	11	27	23
1636	40.859299	111.821999	6771	8513	2925	165191	2	0	0	0	2	0	0	0	0	0	1	0	0	0	1	0	0	2	2	2
1695	40.898201	111.851997	6762	8831	3008	300010	0	0	0	0	0	0	2	0	0	0	0	0	0	0	0	0	0	0	2	0
1222	40.851693	111.661987	6760	8499	2814	166622	5	4	0	0	0	0	0	0	0	1	1	2	0	1	0	2	1	5	8	4
1526	40.819901	111.753998	6638	8790	3267	220047	0	1	0	0	0	0	0	0	0	0	0	0	0	0	0	1	0	1	0	1
1700	40.901699	111.849998	6553	8653	2753	243810	0	0	0	0	1	0	1	0	0	0	0	0	0	0	0	0	0	0	1	1
482	40.797401	111.546997	6548	8602	2982	205859	1	0	0	0	0	0	0	0	0	0	0	0	0	0	0	1	0	1	1	0
228	40.7159	111.126999	6499	8772	2803	209552	6	1	3	0	0	1	1	0	0	0	0	0	0	0	1	0	0	2	7	4
644	40.8116	111.630997	6491	8625	2875	204215	13	1	8	0	8	1	4	5	4	0	6	0	0	2	2	0	0	11	26	17
231	40.718601	111.127998	6474	8736	2822	172485	10	1	4	0	3	1	2	3	2	1	0	0	0	1	0	1	0	3	18	8
603	40.757599	111.674004	6463	8862	3589	511335	0	0	0	0	0	0	2	0	0	0	0	0	0	0	0	0	0	0	2	0
1466	40.841499	111.716003	6453	6563	2797	164295	17	3	2	0	2	0	1	3	1	0	5	1	0	0	0	1	0	6	23	7
1691	40.897999	111.850998	6430	8825	3328	404393	0	0	0	0	0	0	1	0	0	0	0	0	0	0	0	0	0	0	1	0
1401	41.091301	111.447998	6368	8609	3035	233378	0	0	0	0	0	0	1	0	0	0	1	0	0	1	2	0	0	4	1	0
947	40.784199	111.700996	6289	8810	3289	268659	11	0	1	0	6	0	1	0	1	2	1	0	0	1	0	2	0	4	15	7
751	40.790298	111.676003	6274	8607	2881	193410	12	1	5	1	8	0	1	2	3	1	5	0	0	2	2	3	0	12	19	15
634	40.783669	111.656609	6268	8520	2663	171373	4	3	2	0	4	1	1	0	0	0	1	0	0	0	1	1	0	4	5	9
1196	40.849602	111.661003	6257	8655	2628	134108	2	4	0	0	0	0	0	0	0	0	1	1	0	0	0	1	1	3	3	4
1432	40.8377	111.709	6219	8526	2601	130731	12	1	1	0	6	0	0	1	3	4	2	0	1	3	0	3	0	9	20	8
1431	40.820305	111.726362	6198	8783	2733	180845	5	1	1	0	7	1	1	2	4	0	4	0	0	0	0	2	0	7	12	9
903	40.778702	111.703003	6197	8433	2512	125402	3	0	0	0	0	1	0	0	0	2	0	0	0	1	0	1	0	3	5	0
1440	40.825901	111.723999	6189	8534	2735	143684	12	2	3	0	6	2	6	2	1	1	2	0	1	1	3	0	0	9	22	11
221	40.718601	111.114998	6147	8610	2985	278118	0	0	1	0	0	0	1	0	0	0	1	0	0	0	0	0	0	1	1	1
779	40.832802	111.637001	6046	8538	2775	187688	3	0	0	0	0	0	0	1	0	0	3	0	0	0	0	0	0	3	4	0
574	40.769001	111.652	6027	8832	3232	269629	0	0	0	0	0	0	0	0	1	0	0	0	0	0	0	0	0	0	1	0
639	40.791199	111.650002	6011	8483	2590	153054	9	1	4	0	6	1	1	4	3	0	4	0	0	2	0	1	0	8	17	11
685	40.819599	111.636002	6000	8855	3442	423300	5	1	2	0	0	0	1	0	5	2	1	0	0	2	0	0	0	3	13	3
514	40.7714	111.605003	5986	8804	3015	262204	0	0	2	0	0	0	0	0	0	0	3	0	0	0	0	0	0	3	0	2
1137	40.841499	111.662003	5968	8832	3237	277770	12	4	4	2	5	1	7	3	4	2	1	0	0	1	0	0	0	3	28	15
1366	40.869461	111.66223	5959	8826	3125	279132	4	0	0	0	1	0	0	0	0	0	0	0	0	0	0	0	0	0	4	1
640	40.824211	111.617012	5953	8358	2533	117656	10	0	14	1	1	0	0	2	1	0	19	0	0	1	0	0	0	20	13	16
1461	40.851002	111.706001	5945	8804	3151	234301	2	0	2	0	2	0	0	2	0	0	0	0	0	0	0	1	0	1	4	4
1416	40.805012	111.737558	5916	8805	3253	226381	3	0	0	0	0	0	0	0	0	0	2	0	0	0	0	2	0	4	3	0
657	40.819	111.626999	5907	8639	2984	198332	8	1	32	0	5	0	1	11	1	1	4	0	0	1	0	0	0	5	22	38
225	40.721901	111.115997	5888	8649	2679	168851	0	1	1	0	0	0	1	0	0	0	1	0	0	0	0	0	0	1	1	2
1365	40.847599	111.683998	5880	8657	2984	194355	12	4	4	1	5	2	3	1	3	2	3	0	0	4	2	0	0	11	21	14
563	40.791401	111.625999	5860	8653	3041	226725	0	0	3	0	0	0	2	1	3	0	0	0	0	0	0	2	0	2	6	3
650	40.828426	111.615776	5818	8547	2795	158726	9	0	6	0	0	0	0	2	2	0	4	0	0	0	0	0	0	4	13	6
238	40.713799	111.138	5813	8747	2715	178796	8	0	2	0	4	0	1	1	2	1	0	0	0	1	1	0	0	2	13	6
571	40.785198	111.635002	5812	8611	2821	214030	0	0	2	0	0	0	0	1	1	0	1	0	0	0	0	0	0	1	2	2
565	40.759602	111.658997	5807	7800	2841	188928	1	0	0	0	0	0	0	0	0	0	0	0	0	0	0	0	0	0	1	0
60	40.281189	111.195053	5759	8823	2790	230770	3	0	0	0	2	0	2	0	1	0	0	0	0	0	0	0	0	0	6	2
988	40.795101	111.694	5729	8769	2782	169454	20	0	3	0	1	0	0	3	5	2	9	0	0	2	2	0	0	13	30	4
1116	40.8731	111.628998	5711	8776	3218	352880	1	0	0	0	0	0	1	0	0	0	1	0	0	0	0	0	0	1	2	0
705	40.830959	111.628014	5704	8543	2492	142526	2	0	6	0	2	0	0	0	0	0	6	0	0	0	0	2	0	8	2	8
1429	40.875599	111.670644	5657	8084	2906	234454	0	0	1	0	0	0	0	0	0	0	0	0	0	0	0	0	0	0	0	1
647	40.802502	111.640999	5623	7977	2447	152115	14	4	8	0	3	0	2	3	6	0	6	0	0	0	3	3	0	12	25	15
907	40.780312	111.70166	5596	8429	2489	114150	5	0	0	0	2	1	0	0	0	2	0	0	0	1	0	1	0	3	7	2
58	40.2761	111.198997	5576	8782	2842	226581	2	1	0	0	2	0	2	1	5	0	0	0	0	0	1	0	0	1	10	3
679	40.8097	111.642998	5561	8308	2933	243550	1	1	0	1	1	0	0	0	2	0	0	0	0	2	0	0	0	2	3	3
1372	40.858002	111.675003	5549	8682	2735	161117	1	0	0	0	0	0	1	0	0	0	0	0	0	0	0	1	0	1	2	0
437	40.490673	111.791997	5546	8746	2812	255597	2	0	0	0	0	0	0	1	1	0	0	0	0	0	1	0	0	1	4	0
1525	40.8755	111.697998	5495	8797	3001	190677	2	0	0	0	1	0	0	0	0	0	1	0	0	0	0	0	0	1	2	1
1588	40.83665	111.769185	5470	8621	2983	225026	1	0	0	0	0	0	0	0	0	0	0	1	0	0	1	0	0	1	2	0
49	40.275398	111.184998	5465	8643	2486	156661	3	1	0	0	3	0	0	0	0	0	0	0	0	0	1	0	0	1	3	4
621	40.813099	111.624001	5451	8547	2578	142731	5	0	2	0	0	0	1	2	1	0	2	0	0	1	1	1	0	5	9	2
672	40.78157	111.669434	5418	8639	2688	176762	2	0	0	0	2	1	0	0	1	0	1	0	0	0	0	0	0	2	3	2
371	40.380699	111.817001	5416	8596	2708	176224	4	0	3	0	4	0	1	3	1	0	0	0	0	0	0	0	0	0	9	7
590	40.786598	111.641998	5389	8665	2963	259628	4	0	3	0	1	0	1	1	2	0	1	0	0	0	0	0	0	1	8	4
665	40.803459	111.645172	5366	8480	2645	182891	17	3	4	0	4	0	6	3	5	0	6	0	0	0	3	4	0	13	31	11
1217	40.854571	111.658693	5321	8339	2239	89792	4	3	1	0	0	0	0	0	0	0	1	2	0	0	0	2	1	4	6	4
1091	40.790798	111.709	5291	8831	3136	232930	2	0	1	0	4	0	1	0	1	1	1	0	0	1	0	2	0	4	5	5
556	40.803101	111.609001	5199	8606	2937	180003	2	0	1	0	0	0	3	1	2	0	1	0	0	0	0	0	0	1	8	1
611	40.814259	111.620171	5197	8518	2395	122157	4	0	2	0	0	0	1	2	2	0	1	0	0	0	0	1	0	2	9	2
649	40.813801	111.629997	5197	8652	3292	337501	15	2	7	0	6	0	4	5	3	1	6	0	0	3	2	0	0	11	28	15
1451	40.846085	111.707718	5193	8813	2916	204275	3	1	2	0	4	0	1	5	2	0	2	0	0	0	0	3	0	5	11	7
1522	40.875462	111.697899	5168	8811	2910	200235	2	0	0	0	1	0	0	0	0	0	1	0	0	0	0	0	0	1	2	1
521	40.795555	111.586029	5157	8412	2469	113158	0	0	1	0	0	0	0	0	0	0	0	0	0	0	0	0	0	0	0	1
1087	40.844299	111.654999	5136	8818	3055	267900	9	2	1	0	2	0	6	1	4	0	4	0	0	0	5	1	0	10	20	5
1551	40.834641	111.75051	5086	8614	2897	190503	3	0	1	0	1	0	0	1	0	0	3	0	0	0	2	0	0	5	4	2
1097	40.838299	111.662003	5038	8468	2655	143543	10	3	4	2	7	1	7	2	4	2	3	0	0	1	3	0	0	8	25	16
496	40.793201	111.564003	5031	7959	2418	101865	2	0	0	0	2	1	0	0	0	0	0	0	0	0	1	0	0	2	2	2
1436	41.094501	111.453003	5012	7457	2402	128838	3	0	1	0	3	0	2	4	2	2	1	0	0	2	5	1	0	9	13	4
833	40.792	111.682999	5000	8581	2649	157957	10	0	2	1	4	0	0	3	2	1	3	0	0	2	2	1	0	8	16	7
579	40.788101	111.635002	4976	8540	2448	137861	0	0	1	0	0	0	0	1	0	0	1	0	0	0	0	0	0	1	1	1
602	40.808601	111.623001	4967	8251	2133	78734	7	1	3	0	0	0	0	2	3	0	3	0	0	1	1	2	0	7	12	4
717	40.823498	111.637711	4966	8573	2271	107811	5	2	4	0	3	1	1	0	4	1	0	0	0	1	1	0	0	3	11	9
1310	40.871399	111.653	4950	8806	2934	243458	0	0	0	0	0	0	1	1	0	0	0	0	0	0	0	0	0	0	2	0
929	40.761379	111.722862	4947	8813	3138	216087	3	0	0	0	0	0	0	0	0	0	0	0	0	0	1	2	0	3	3	0
989	40.791199	111.697998	4939	8486	2163	91505	9	2	3	0	5	0	1	0	3	0	2	0	0	1	0	1	0	4	13	10
1048	40.75439	111.740283	4934	8834	3027	261061	4	0	0	0	2	0	1	0	0	0	0	0	0	0	1	0	0	1	5	2
1422	40.868999	111.676003	4920	8799	2717	196921	0	0	0	0	0	0	0	0	0	0	0	0	0	0	0	1	0	1	0	0
241	40.7234	111.138	4915	8741	2700	164047	3	1	1	1	1	0	0	1	1	0	1	0	0	0	0	0	0	1	5	4
532	40.784801	111.608002	4900	8837	3147	282210	1	0	0	0	0	0	0	0	1	0	0	0	0	0	0	0	0	0	2	0
1453	40.81313	111.74122	4895	8678	2490	118485	2	0	0	0	0	0	0	0	0	0	0	0	0	0	0	1	0	1	2	0
798	40.775799	111.695999	4893	8799	2780	188192	0	0	0	0	0	0	0	0	0	0	0	0	0	0	0	1	0	1	0	0
1592	40.834225	111.77617	4845	8475	2553	120025	0	0	0	0	0	1	0	0	0	0	0	0	0	0	1	0	0	2	0	0
53	40.272099	111.191002	4833	8271	2238	110081	2	0	0	0	0	0	0	0	0	0	0	0	0	0	0	0	0	0	2	0
1016	40.766472	111.724609	4829	8740	2824	174158	1	0	0	0	0	0	0	0	0	0	0	0	0	0	0	0	0	0	1	0
1537	40.881901	111.697998	4787	8632	2589	185357	1	0	0	0	1	0	0	0	0	0	0	0	0	0	0	0	0	0	1	1
681	40.838299	111.615997	4756	8760	2596	173378	0	0	1	0	0	0	0	0	0	0	0	0	0	0	0	0	0	0	0	1
668	40.819099	111.630997	4743	8799	2839	218412	8	1	14	0	4	0	0	5	2	3	4	0	0	3	0	0	0	7	18	19
224	40.72187	111.115837	4701	8584	2386	130030	0	1	1	0	0	0	1	0	0	0	1	0	0	0	0	0	0	1	1	2
1213	40.860843	111.651908	4691	8719	2550	137034	0	0	2	0	0	0	0	1	0	0	1	0	0	1	0	0	0	2	1	2
1356	40.8517	111.679001	4664	8769	2735	179444	10	1	0	0	2	0	0	0	1	0	0	0	0	0	5	1	0	6	11	3
624	40.7607	111.677002	4603	8066	2499	213324	0	0	0	0	0	0	1	0	0	0	0	0	0	0	0	0	0	0	1	0
637	40.783699	111.656998	4602	8440	2440	135345	4	3	2	0	4	1	1	0	0	0	2	0	0	0	1	1	0	5	5	9
589	40.813015	111.615349	4597	8522	2372	145455	1	0	2	0	0	0	0	2	2	0	0	0	0	0	0	1	0	1	5	2
1510	40.8416	111.727217	4517	8419	2396	107020	3	0	1	0	2	0	0	0	2	0	0	0	0	0	0	0	0	0	5	3
1553	40.830452	111.755119	4510	8428	2490	135916	0	0	0	0	0	0	0	0	0	0	1	0	0	0	1	2	0	4	0	0
219	40.718552	111.114639	4502	8579	2505	169566	0	0	1	0	0	0	1	0	0	0	1	0	0	0	0	0	0	1	1	1
635	40.761398	111.679001	4495	8140	2720	191028	0	0	0	0	0	0	1	0	0	0	0	0	0	0	0	0	0	0	1	0
124	39.904598	111.675003	4464	8678	2265	121306	0	0	0	0	0	0	0	0	0	0	0	0	0	0	1	0	0	1	0	0
625	40.780102	111.657997	4439	8506	2142	98770	2	1	2	0	0	0	1	1	1	0	2	0	0	0	0	1	0	3	5	3
803	40.837101	111.635002	4407	8776	2761	204086	1	0	0	0	0	0	0	0	0	0	0	0	0	0	0	0	0	0	1	0
63	40.278111	111.201157	4333	8638	2236	158021	5	1	0	0	1	0	1	1	6	1	1	0	0	1	0	0	0	2	14	2
1328	40.834	111.693001	4282	8454	2263	103532	13	3	18	0	5	2	0	5	4	0	5	0	1	0	1	1	2	12	22	26
105	40.2015	111.348	4278	8779	2977	225138	1	0	0	0	2	0	1	0	0	0	0	0	0	0	3	0	0	3	2	2
148	40.257999	111.369003	4260	8727	2553	167364	1	0	0	0	0	0	0	0	1	0	0	0	0	0	0	0	0	0	2	0
1506	40.8461	111.722	4256	8233	2209	102407	8	1	1	0	5	0	3	0	3	0	2	0	0	0	1	1	0	4	14	7
1518	40.820599	111.751999	4254	8744	2544	152091	1	0	0	0	0	0	0	0	0	0	0	0	0	0	1	0	0	1	1	0
856	40.759102	111.718002	4236	8716	2523	152180	2	1	0	0	0	0	0	0	0	0	0	0	0	0	1	1	0	2	2	1
1634	40.867298	111.809998	4227	7640	1909	57607	0	0	0	0	0	0	0	0	0	0	0	0	0	0	0	1	0	1	0	0
1697	40.905998	111.845001	4211	7695	2506	215642	0	0	0	0	1	0	0	0	0	0	0	0	0	0	0	0	0	0	0	1
527	40.810486	111.577354	4159	6277	1768	51006	0	0	0	0	0	0	0	0	1	0	0	0	0	0	0	0	0	0	1	0
741	40.7794	111.685997	4123	8822	2737	204895	1	0	2	0	0	0	0	0	0	0	0	0	0	0	0	1	0	1	1	2
645	40.776699	111.666	4119	8801	2744	224090	1	0	0	0	1	0	1	0	0	0	0	0	0	0	0	0	0	0	2	1
1470	40.8256	111.733002	4101	8188	2032	75998	9	0	4	2	2	0	1	2	3	0	1	0	0	2	0	0	0	3	15	8
1449	41.100201	111.453003	4063	7262	1944	76197	3	0	0	0	3	0	1	0	0	1	0	0	0	1	2	0	0	3	5	3
367	40.376801	111.82	4054	8552	2195	123193	4	0	5	0	2	0	0	2	0	0	1	0	0	0	1	0	0	2	6	7
999	40.783798	111.706001	4037	6969	2713	178378	13	0	2	0	6	1	2	1	2	2	0	0	0	1	0	1	0	3	20	8
1072	40.773384	111.72364	4029	8785	2778	181215	4	0	0	0	1	0	0	0	0	0	0	0	0	0	0	0	0	0	4	1
588	40.80715	111.621088	4011	7853	1905	70503	5	1	4	0	0	0	0	2	3	0	2	0	0	0	1	1	0	4	10	5
1267	40.8009	111.718002	4003	8753	2544	159661	16	2	0	0	3	1	0	0	0	0	1	0	0	0	0	0	0	2	16	5
1635	40.864811	111.813309	3992	7285	1715	44070	0	0	0	0	0	0	0	0	0	0	0	0	0	0	0	1	0	1	0	0
609	40.804909	111.629372	3972	8500	2312	127985	6	0	0	0	1	0	0	0	2	0	2	0	0	0	0	2	0	4	8	1
782	40.780201	111.690002	3955	8667	2269	118802	1	0	2	0	0	0	0	0	0	0	0	0	0	0	0	1	0	1	1	2
1426	40.847698	111.697998	3944	8798	3065	234186	11	1	5	0	2	0	5	2	6	0	1	0	0	0	2	1	0	4	24	8
629	40.811459	111.627516	3934	8174	2018	71066	17	1	4	0	5	0	2	1	3	0	5	0	0	2	2	0	0	9	23	10
604	40.822899	111.610001	3934	8329	2265	110851	6	0	9	0	0	0	0	2	3	0	20	0	0	0	0	1	0	21	11	9
552	40.790199	111.620003	3932	8624	2650	192492	0	0	1	0	0	0	2	0	0	0	0	0	0	0	0	0	0	0	2	1
73	40.287979	111.211632	3931	8684	2695	265200	0	0	0	0	0	0	0	0	1	0	0	0	0	0	0	0	0	0	1	0
1375	40.862499	111.670998	3927	8732	2442	180263	1	0	2	1	1	0	0	0	0	0	1	0	0	1	0	0	0	2	1	4
1348	40.862499	111.667	3925	8718	2423	172375	9	1	3	1	2	0	0	1	1	1	6	0	0	1	0	0	0	7	12	7
718	40.823502	111.637711	3921	8595	2211	104756	5	2	4	0	3	1	1	0	4	1	0	0	0	1	1	0	0	3	11	9
1394	40.868462	111.668798	3919	8777	2312	156706	2	0	2	0	0	0	0	0	0	0	1	0	0	0	0	0	0	1	2	2
1463	41.089199	111.468002	3914	8388	2192	120385	0	0	1	0	0	0	1	0	0	0	0	0	0	0	0	0	0	0	1	1
594	40.795898	111.634003	3906	8319	2196	107685	10	0	4	0	3	0	0	1	0	0	1	0	0	0	0	1	0	2	11	7
66	40.282082	111.202919	3876	8594	2070	123667	3	0	0	0	2	0	0	1	2	0	1	0	0	0	0	0	0	1	6	2
1514	40.879711	111.691963	3863	8806	2613	229266	0	0	0	0	0	0	0	0	0	0	1	0	0	0	0	0	0	1	0	0
881	40.755001	111.723701	3863	8499	2068	87831	1	0	0	0	0	0	0	0	0	0	0	0	0	0	0	1	0	1	1	0
488	40.795441	111.552361	3860	7628	1817	63686	4	0	1	0	1	0	1	0	0	0	4	0	0	0	0	1	0	5	5	2
1667	40.901901	111.834999	3846	7354	1776	71499	0	0	0	0	1	0	0	0	0	0	0	0	0	0	0	0	0	0	0	1
689	40.7882	111.667999	3828	8554	2451	147536	11	2	4	0	7	0	1	2	3	0	2	0	0	0	1	3	0	6	17	13
578	40.820583	111.602013	3772	8392	2333	132973	2	0	1	0	0	0	0	0	0	0	10	0	0	0	0	1	0	11	2	1
1473	40.84738333	111.71292	3745	8735	2477	147865	9	2	2	0	9	0	0	3	4	0	3	0	0	0	1	3	0	7	16	13
1503	40.81607	111.750925	3716	8506	2484	131000	0	1	0	0	0	0	0	0	0	0	0	0	0	0	1	1	0	2	0	1
125	39.904602	111.675056	3716	8393	1901	88551	0	0	0	0	0	0	0	0	0	0	0	0	0	0	1	0	0	1	0	0
852	40.787873	111.689013	3710	8770	2503	162060	9	1	2	0	4	0	1	2	4	0	1	0	0	0	0	2	0	3	16	7
1446	40.857099	111.695499	3683	8630	2365	136015	0	0	3	0	3	0	1	0	2	0	1	0	0	0	0	1	0	2	3	6
911	40.7803	111.702003	3636	8275	2195	103426	5	0	0	0	2	1	0	0	0	2	0	0	0	1	0	1	0	3	7	2
651	40.780201	111.664001	3624	7988	1839	70458	2	0	2	0	0	0	2	0	0	0	2	0	0	0	0	0	0	2	4	2
59	40.276142	111.199203	3616	8271	1986	109451	2	1	0	0	1	0	2	1	5	0	0	0	0	0	1	0	0	1	10	2
570	40.772999	111.647003	3614	8632	2193	112050	0	0	0	0	0	0	0	0	1	0	0	0	0	0	0	0	0	0	1	0
1415	40.839401	111.703003	3594	8193	1917	81038	8	1	14	0	4	1	2	3	1	2	2	0	0	2	2	2	0	9	16	19
1275	40.8490316	111.670383	3561	7894	1782	73177	16	2	0	0	3	0	0	0	0	0	0	0	0	0	0	1	0	1	16	5
434	40.488987	111.789196	3545	8175	2063	119291	2	0	0	0	0	0	0	0	0	0	0	0	0	0	0	0	0	0	2	0
824	40.783806	111.690598	3470	8618	2701	154466	0	0	0	0	2	0	0	0	2	0	0	0	0	0	0	0	0	0	2	2
1400	40.856201	111.682999	3428	8327	1934	90506	3	0	2	0	3	0	0	0	0	0	4	0	0	0	0	2	0	6	3	5
1639	40.859501	111.825996	3420	8552	2327	162201	4	0	0	0	3	0	0	0	1	0	1	0	0	0	2	0	0	3	5	3
131	39.908401	111.677002	3405	8328	2110	109020	0	0	1	0	2	0	1	0	0	0	0	0	0	0	3	0	0	3	1	3
106	40.201504	111.348167	3403	8457	2219	103998	1	1	0	0	2	0	1	0	0	0	0	0	0	0	3	0	0	3	2	3
236	40.71376	111.137703	3400	8625	2056	93376	8	0	2	0	4	0	1	1	2	1	0	0	0	1	1	0	0	2	13	6
1408	41.0984	111.443001	3384	8121	2198	132771	0	0	0	0	0	0	1	0	0	0	1	0	0	1	0	0	0	2	1	0
1403	40.811699	111.727997	3368	8717	2316	136337	3	0	0	0	0	0	0	0	0	1	1	0	0	1	0	0	0	2	4	0
423	40.492901	111.780998	3366	6544	1978	122599	1	0	0	0	0	0	1	0	0	0	0	0	0	0	0	0	0	0	2	0
1319	40.809898	111.716003	3329	8484	2308	123039	13	1	3	0	4	0	1	0	1	3	5	0	0	3	2	1	0	11	18	8
1477	40.839748	111.721837	3318	8411	2186	95272	18	1	3	0	6	0	1	2	4	1	1	1	0	1	2	0	0	4	27	10
1478	40.839867	111.721764	3301	8331	2195	120446	18	1	3	0	6	0	1	2	4	1	1	1	0	1	2	0	0	4	27	10
374	40.389801	111.816002	3287	8597	2167	129207	0	0	0	0	0	0	0	0	1	0	0	0	0	0	0	0	0	0	1	0
50	40.0783	111.384003	3286	8725	2292	136645	1	1	0	0	0	0	0	0	0	0	0	0	0	0	0	0	0	0	1	1
1127	40.775902	111.726997	3279	8743	2352	142211	3	0	0	0	1	0	0	0	0	0	0	0	0	0	0	1	0	1	3	1
1024	40.846619	111.644997	3278	8704	2176	130166	1	0	0	0	1	1	0	0	2	0	1	0	0	0	0	2	0	4	3	1
1460	40.8601	111.695999	3252	8301	2052	99001	0	0	4	0	2	0	0	0	0	0	3	0	0	0	0	1	0	4	0	6
405	40.764999	111.490997	3248	8300	2083	89082	0	0	1	0	0	0	0	0	0	0	0	0	0	0	0	0	0	0	0	1
233	40.723999	111.125	3246	8222	2006	95349	3	1	0	0	1	0	1	3	2	0	0	0	0	0	0	0	0	0	9	2
381	40.375629	111.835052	3243	8224	1922	102517	16	1	3	0	1	0	0	0	3	1	1	0	0	0	2	0	0	3	20	5
583	40.7729	111.652	3228	8660	2382	143608	0	0	0	0	0	0	0	0	1	0	1	0	0	0	0	0	0	1	1	0
230	40.718578	111.12764	3221	8308	1852	82796	10	1	4	0	3	1	3	3	2	1	0	0	0	1	0	1	0	3	19	8
1227	40.866776	111.64727	3173	8771	2330	155253	0	0	0	0	0	0	0	1	0	0	0	0	0	0	0	0	0	0	1	0
825	40.788559	111.685883	3164	8452	1991	91235	7	0	1	0	3	0	0	2	0	0	3	0	0	0	2	1	0	6	9	4
919	40.781269	111.70192	3163	8071	1760	61959	9	0	1	0	4	1	0	0	1	1	0	0	0	0	0	1	0	2	11	5
748	40.83493	111.630997	3160	8443	2201	115685	1	0	0	0	1	0	0	0	0	0	1	0	0	0	0	0	0	1	1	1
618	40.8092	111.626999	3152	7917	1852	69656	14	2	2	0	4	0	1	1	2	0	6	0	0	2	2	2	0	12	18	8
1035	40.834702	111.657997	3137	8601	2520	181711	7	2	5	1	5	2	1	1	0	0	2	0	0	0	2	0	0	6	9	13
102	40.1973	111.349998	3129	8707	2442	134451	1	1	0	0	3	0	1	0	0	0	0	0	0	0	3	0	0	3	2	4
1557	40.863908	111.723183	3081	8218	2098	105835	0	0	0	0	0	0	0	0	0	0	0	0	0	0	0	1	0	1	0	0
161	40.354301	111.313004	3074	7286	1544	42902	0	0	0	0	0	1	0	0	0	0	0	0	0	0	0	0	0	1	0	0
126	39.911499	111.668999	3061	8592	2765	382009	1	0	0	0	0	0	1	0	0	0	0	0	0	0	0	0	0	0	2	0
1536	40.84853	111.73071	3023	6471	1531	40710	2	0	0	0	0	0	1	0	0	0	0	0	0	0	0	0	0	0	3	0
1441	40.82592	111.724068	3019	7378	1531	41314	11	2	3	0	6	1	6	2	1	1	2	0	0	1	3	0	0	7	21	11
234	40.724049	111.125267	3017	8523	2108	122684	3	1	0	0	1	0	1	3	2	0	0	0	0	0	0	0	0	0	9	2
1093	40.847055	111.65287	3017	8199	1942	91898	5	0	1	0	2	1	0	0	4	0	6	0	0	0	3	1	0	11	9	3
1022	40.841692	111.649827	2998	8751	2622	248682	8	2	2	0	4	1	6	0	3	0	4	0	0	0	5	2	0	12	17	8
1430	40.815399	111.731003	2978	4953	1871	71809	8	0	1	0	3	0	0	1	3	1	4	1	0	0	0	2	0	6	14	4
1398	41.09127	111.447723	2973	8112	1694	62317	0	0	0	0	0	0	0	0	0	0	1	0	0	1	2	0	0	4	0	0
1476	40.870499	111.691002	2941	8364	2105	100206	1	0	0	0	0	0	1	0	0	0	2	1	0	0	1	0	0	3	3	0
1216	40.802247	111.710947	2925	8171	2003	79479	6	1	2	0	6	0	0	1	1	0	1	0	0	0	1	0	0	2	8	9
1539	40.818001	111.763	2899	8070	1971	75051	0	0	0	0	0	0	0	0	0	0	0	0	0	0	0	1	0	1	0	0
1487	40.808998	111.754997	2896	7829	2179	95147	0	0	0	0	0	0	1	0	0	0	0	0	0	0	0	0	0	0	1	0
1006	40.841488	111.648836	2858	5754	1785	68714	8	2	2	0	4	1	6	0	3	0	4	0	0	0	5	2	0	12	17	8
758	40.827599	111.639244	2854	8302	1911	85914	4	1	4	0	3	1	0	0	2	0	0	0	0	0	1	0	0	2	6	8
1458	40.849602	111.706001	2834	8398	2090	103924	3	0	2	0	2	0	0	2	1	0	1	0	0	0	0	1	0	2	6	4
592	40.810551	111.619003	2811	7954	1724	72294	8	1	3	0	0	0	0	2	3	0	1	0	0	0	0	1	0	2	13	4
753	40.787399	111.679001	2810	8054	1804	66429	5	0	2	0	1	0	1	3	1	1	3	0	0	1	2	2	0	8	11	3
1397	40.848499	111.690002	2796	8797	2676	209143	16	1	7	0	11	0	3	2	2	2	5	0	0	3	2	1	0	11	25	19
1156	40.8506583	111.65472	2790	7515	1661	46589	6	4	1	0	1	1	0	0	3	0	2	1	0	0	0	0	1	4	10	6
504	40.80159	111.562225	2784	5376	1269	25268	1	0	1	0	1	1	0	0	0	0	1	0	0	0	0	0	0	2	1	2
412	40.48196	111.779129	2772	8631	1919	103633	0	0	1	0	0	0	0	0	0	0	0	0	0	0	0	0	0	0	0	1
1517	40.829438	111.74315	2768	8215	2134	115475	1	1	0	0	0	1	0	0	0	0	1	0	0	0	0	0	0	2	1	1
495	40.802101	111.554001	2762	8547	2318	156703	2	0	1	0	0	0	0	0	0	0	4	0	0	0	0	1	0	5	2	1
1110	40.874401	111.626999	2740	8293	2059	165539	1	0	0	0	0	0	0	0	0	0	1	0	0	0	0	0	0	1	1	0
708	40.827599	111.632004	2733	7560	1781	74373	1	0	5	0	0	0	0	0	0	0	3	0	0	0	0	0	0	3	1	5
77	40.27063	111.234863	2729	8292	2540	273269	1	0	0	0	0	0	0	0	0	0	1	0	0	0	0	0	0	1	1	0
1247	40.857683	111.659508	2727	8560	1950	88951	5	2	0	0	1	0	0	0	1	1	0	1	0	0	0	2	0	2	8	3
1680	40.897301	111.848	2667	8662	2217	175275	0	0	0	0	0	0	1	0	0	0	0	0	0	0	0	0	0	0	1	0
671	40.825001	111.625999	2663	8267	1946	79764	1	0	7	1	3	0	0	0	0	0	11	0	0	1	0	1	0	13	1	11
1608	40.8372	111.792	2650	8271	1839	72747	0	0	0	0	0	0	0	0	1	0	0	0	0	0	0	0	0	0	1	0
740	40.828968	111.636269	2643	8142	1584	58280	3	0	1	0	1	0	0	0	0	0	3	0	0	0	0	0	0	3	3	2
584	40.825699	111.599998	2635	8693	2391	169183	0	0	0	0	0	0	0	0	0	0	1	0	0	0	0	0	0	1	0	0
508	40.771301	111.596001	2610	7456	1599	50165	0	0	2	0	0	0	1	0	0	0	5	0	0	0	0	0	0	5	1	2
1508	40.841499	111.726997	2583	7288	1513	41451	3	0	1	0	2	0	0	0	2	0	0	0	0	0	0	0	0	0	5	3
1576	40.831509	111.766861	2542	5916	1634	48025	1	0	0	0	0	0	0	0	0	0	0	1	0	0	1	0	0	1	2	0
1414	41.100159	111.442146	2524	7896	1768	71187	0	0	0	0	0	0	1	0	0	0	0	0	0	0	0	0	0	0	1	0
827	40.788601	111.685997	2482	8430	1971	93538	8	0	1	0	3	0	0	3	0	0	3	0	0	0	2	1	0	6	11	4
1014	40.836899	111.653999	2472	7505	1525	48674	3	4	4	0	3	3	6	0	0	0	1	0	0	0	0	0	0	4	9	11
52	40.272114	111.190933	2462	7420	1527	48059	2	0	0	0	0	0	0	0	0	0	0	0	0	0	1	0	0	1	2	0
1558	40.885201	111.702003	2442	7562	1601	52177	1	0	0	0	0	0	0	0	0	0	0	0	0	0	0	0	0	0	1	0
1193	40.74435	111.765862	2437	8182	1888	72404	1	0	0	0	0	0	0	0	0	0	0	0	0	0	0	0	0	0	1	0
759	40.787365	111.679482	2433	7170	1400	38439	5	0	2	0	1	0	1	3	1	1	3	0	0	1	2	2	0	8	11	3
242	40.723419	111.13842	2429	7842	1610	51913	3	1	1	1	1	0	0	1	1	0	1	0	0	0	0	0	0	1	5	4
1057	40.761738	111.733604	2396	8239	2261	106543	0	0	0	0	0	0	1	0	0	0	0	0	0	0	0	1	0	1	1	0
133	39.9077	111.679001	2387	7791	1521	59333	0	0	1	0	3	0	1	0	0	0	0	0	0	0	4	0	0	4	1	4
406	40.478573	111.779091	2355	7659	1635	62646	0	0	1	0	1	0	0	0	0	0	0	0	0	0	0	0	0	0	0	2
844	40.834411	111.641862	2348	7547	1471	47054	5	2	2	0	2	0	4	1	1	0	1	0	0	0	2	0	0	3	11	6
368	40.37685	111.820007	2342	7225	1468	47195	4	0	5	0	2	0	0	2	0	0	1	0	0	0	1	0	0	2	6	7
610	40.802299	111.632004	2326	8299	1763	80968	8	0	5	0	2	0	0	2	3	0	0	0	0	0	0	2	0	2	13	7
364	40.379799	111.811996	2292	7835	1564	54535	4	0	2	0	3	0	0	1	0	1	0	0	0	0	0	0	0	0	6	5
1542	40.85648	111.72619	2291	8592	2054	120733	1	0	3	0	0	0	0	0	1	0	0	0	0	0	0	0	0	0	2	3
979	40.840401	111.648003	2238	7375	2116	171412	8	2	2	0	4	1	6	0	3	0	3	0	0	0	5	1	0	10	17	8
506	40.797089	111.569077	2220	6416	1409	41670	1	0	1	0	0	1	0	0	0	0	0	0	0	0	0	0	0	1	1	1
226	40.716911	111.122322	2219	8345	1940	126183	0	1	0	0	0	0	2	0	0	0	0	0	0	0	0	0	0	0	2	1
600	40.7995	111.632004	2211	8071	1642	62142	4	0	4	0	1	0	0	1	0	0	1	0	0	0	0	1	0	2	5	5
1616	40.883301	111.761002	2200	8379	1976	99194	0	0	0	0	0	0	0	1	0	0	0	0	0	0	0	0	0	0	1	0
255	40.726768	111.16935	2194	7062	1465	43538	1	0	0	0	0	0	0	0	0	0	0	0	0	0	0	1	0	1	1	0
356	40.371948	111.803009	2177	8022	1516	64313	1	0	0	0	0	0	0	0	0	0	0	0	0	0	0	0	0	0	1	0
123	39.914101	111.663002	2157	8119	1676	72368	0	0	0	0	0	0	0	0	0	0	1	0	0	1	1	0	0	3	0	0
363	40.3783	111.811996	2144	7117	1331	43262	3	0	2	0	2	0	0	1	0	1	0	0	0	0	0	0	0	0	5	4
1112	40.874352	111.627373	2136	8289	2162	169965	1	0	0	0	0	0	1	0	0	0	1	0	0	0	0	0	0	1	2	0
676	40.813	111.639	2115	7685	1514	69443	10	2	6	1	6	2	4	4	3	0	0	0	1	2	2	1	0	8	21	15
424	40.491901	111.781998	2063	8268	1771	124040	1	0	0	0	0	0	0	0	0	0	0	0	0	0	0	0	0	0	1	0
1007	40.841609	111.648819	2062	6043	1473	58770	8	2	2	0	4	0	6	0	3	0	4	0	0	0	5	2	0	11	17	8
380	40.375599	111.834999	2036	7719	1647	58048	16	1	3	0	1	0	0	0	3	1	1	0	0	0	2	0	0	3	20	5
119	39.9188	111.655998	2036	7810	1705	69334	0	0	0	0	0	0	1	0	0	0	0	0	0	0	1	0	0	1	1	0
591	40.833961	111.595001	2002	8680	2148	127139	9	3	0	0	0	2	0	1	0	0	0	0	0	0	0	0	0	2	10	3
376	40.380569	111.827858	1960	7829	1573	74070	7	0	9	0	5	1	1	4	5	1	1	0	0	1	2	0	1	6	18	14
1423	41.088112	111.457069	1943	8032	2202	205255	5	0	1	0	1	0	1	1	1	0	0	0	0	0	0	0	0	0	8	2
1602	40.910702	111.710999	1924	8100	1735	85780	1	0	0	0	0	0	0	0	0	0	0	0	0	0	0	0	0	0	1	0
507	40.771271	111.595718	1917	7868	1443	58000	0	0	2	0	0	0	1	0	0	0	5	0	0	0	0	0	0	5	1	2
1406	41.098351	111.442741	1898	6746	1368	51021	0	0	0	0	0	0	1	0	0	0	1	0	0	1	0	0	0	2	1	0
1439	40.851601	111.696999	1879	8340	1735	78469	2	0	1	0	0	0	0	1	3	0	3	0	0	0	2	1	0	6	6	1
220	40.715401	111.117996	1823	8235	2229	191795	0	0	0	0	0	0	1	0	0	0	0	0	0	0	0	0	0	0	1	0
638	40.799801	111.640999	1812	7968	1471	56513	12	4	12	0	5	0	2	3	4	0	8	0	0	0	3	3	0	14	21	21
729	40.783699	111.68	1748	6312	1243	28663	3	0	1	0	1	0	1	3	1	0	2	0	0	0	0	1	0	3	8	2
499	40.786598	111.571999	1731	8216	1733	104266	0	0	0	0	0	0	0	1	0	0	1	0	0	0	0	1	0	2	1	0
632	40.815754	111.624001	1692	8230	1706	81590	12	1	30	0	4	0	1	11	0	1	3	0	0	1	0	1	0	5	25	35
1371	40.866009	111.666977	1662	5897	982	22347	6	0	3	0	0	0	0	0	0	0	5	0	0	0	0	0	0	5	6	3
1455	40.841875	111.712827	1638	8122	1517	59477	16	2	2	0	4	0	0	3	1	0	4	1	0	0	0	4	0	8	21	8
362	40.378288	111.811607	1549	5218	1018	23799	3	0	1	0	2	0	0	0	0	1	0	0	0	0	0	0	0	0	4	3
503	40.796921	111.564651	1546	5381	1087	24197	2	0	1	0	4	1	0	0	0	0	0	0	0	0	1	0	0	2	2	5
940	40.837898	111.647003	1544	4120	1172	29609	5	2	5	0	3	0	5	0	3	0	2	0	0	0	2	1	0	5	13	10
121	39.918751	111.65641	1534	6015	1239	35504	0	0	0	0	0	0	1	0	0	0	0	0	0	0	1	0	0	1	1	0
1696	40.906799	111.844002	1415	8278	1763	183323	0	0	0	0	1	0	0	0	0	0	0	0	0	0	0	0	0	0	0	1
1682	40.898499	111.847	1393	8483	1976	176239	0	0	0	0	0	0	1	0	0	0	0	0	0	0	0	0	0	0	1	0
130	39.908298	111.677002	1388	6157	1073	34318	0	0	1	0	2	0	1	0	0	0	0	0	0	0	3	0	0	3	1	3
1694	40.905899	111.844002	1381	8162	1752	165317	0	0	0	0	1	0	0	0	0	0	0	0	0	0	0	0	0	0	0	1
686	40.786701	111.668999	1348	7718	1361	46258	10	2	3	0	4	0	0	2	2	0	0	0	0	0	0	3	0	3	14	9
1124	40.873131	111.62941	1345	5102	1100	29638	1	0	0	0	0	0	1	0	0	0	1	0	0	0	0	0	0	1	2	0
1672	40.901402	111.841003	1309	4206	1090	27016	0	0	0	0	1	0	0	0	0	0	0	0	0	0	0	0	0	0	0	1
420	40.4911	111.780998	1284	8482	1595	125345	1	0	0	0	0	0	0	0	0	0	0	0	0	0	0	0	0	0	1	0
1115	40.872898	111.628998	1188	7573	1577	116368	1	0	0	0	0	0	1	0	0	0	1	0	0	0	0	0	0	1	2	0
1710	40.931301	111.834	1186	6549	1273	37487	0	0	0	0	0	0	0	0	0	0	0	1	0	0	0	0	0	0	1	0
855	40.835307	111.641695	1181	6835	1286	33998	3	2	2	0	2	0	4	1	1	0	1	0	0	0	2	0	0	3	9	6
467	40.78706	111.547981	1173	3827	1051	24131	0	0	0	0	1	0	0	0	0	0	0	0	0	0	0	2	0	2	0	1
1673	40.896702	111.847	1145	5706	1339	61995	0	0	0	0	0	0	1	0	0	0	0	0	0	0	0	0	0	0	1	0
1107	40.873199	111.627998	1108	5901	1564	108921	1	0	0	0	0	0	1	0	0	0	1	0	0	0	0	0	0	1	2	0
1410	40.804798	111.737	1077	8145	1365	59964	4	0	1	0	0	0	0	1	0	0	2	0	0	0	0	2	0	4	5	1
1412	40.806198	111.736	1065	6738	1008	25824	4	0	0	0	0	1	1	0	0	0	1	0	0	0	0	2	0	4	5	0
627	40.760201	111.678001	1024	7492	1521	101521	0	0	0	0	0	0	1	0	0	0	0	0	0	0	0	0	0	0	1	0
593	40.8106	111.619003	1019	6455	1156	31327	8	1	3	0	0	0	0	2	3	0	1	0	0	0	0	1	0	2	13	4
1550	40.894402	111.690002	1014	5952	1519	130718	0	0	0	0	0	0	1	0	0	0	0	0	0	0	0	0	0	0	1	0
715	40.8241	111.637001	1005	6969	1040	30486	5	1	3	0	2	1	1	0	3	1	0	0	0	1	0	0	0	2	10	6
1228	40.854301	111.660004	978	5644	812	30807	5	3	1	0	0	0	0	1	0	0	1	2	0	0	0	3	1	5	8	4
426	40.491798	111.782997	973	8217	1522	107898	2	0	0	0	0	0	0	0	0	0	0	0	0	0	0	0	0	0	2	0
628	40.760799	111.678001	959	8027	1388	93961	0	0	0	0	0	0	1	0	0	0	0	0	0	0	0	0	0	0	1	0
377	40.3806	111.828003	954	4788	1004	23597	7	0	9	0	5	1	1	4	6	1	2	0	0	1	2	0	1	7	19	14
98	40.1964	111.348	952	5620	1142	29350	1	0	0	0	2	0	1	0	0	0	0	0	0	0	3	0	0	3	2	2
586	40.774799	111.652	939	5067	1152	38108	0	0	0	0	0	0	0	0	1	0	1	0	0	0	0	0	0	1	1	0
243	40.71861	111.14874	914	5029	894	18827	0	0	1	0	0	0	0	0	0	0	0	0	0	0	0	0	0	0	0	1
524	40.764198	111.620003	885	8289	1164	59959	0	0	1	0	0	0	0	0	0	0	0	0	0	0	0	0	0	0	0	1
429	40.493599	111.781998	876	8114	1401	94916	1	0	0	0	0	0	1	0	0	0	0	0	0	0	0	0	0	0	2	0
1489	40.824799	111.739998	860	2620	660	12914	1	0	0	0	0	0	0	0	0	0	0	0	0	0	0	0	0	0	1	0
433	40.490101	111.788002	851	6152	1042	38607	2	0	0	0	0	0	0	0	0	0	0	0	0	0	0	0	0	0	2	0
428	40.493301	111.781998	848	8017	1398	100751	1	0	0	0	0	0	1	0	0	0	0	0	0	0	0	0	0	0	2	0
1687	40.906601	111.841003	847	8275	1781	149600	0	0	0	0	1	0	0	0	0	0	0	0	0	0	0	0	0	0	0	1
1686	40.905102	111.842003	845	8198	1516	122001	0	0	0	0	1	0	0	0	0	0	0	0	0	0	0	0	0	0	0	1
422	40.491501	111.781998	842	8292	1125	67633	1	0	0	0	0	0	0	0	0	0	0	0	0	0	0	0	0	0	1	0
707	40.816299	111.642998	838	4354	800	15958	17	4	4	0	7	1	4	1	4	1	1	0	1	0	0	1	0	4	27	15
613	40.759499	111.675003	836	8375	1437	117269	2	0	0	0	0	0	1	0	0	0	0	0	0	0	0	0	0	0	3	0
1555	40.8951	111.691002	832	5490	1278	47883	0	0	0	0	0	0	1	0	0	0	0	0	0	0	0	0	0	0	1	0
425	40.493599	111.780998	827	8311	1623	101398	1	0	0	0	0	0	1	0	0	0	0	0	0	0	0	0	0	0	2	0
492	40.794701	111.555	818	2809	654	9193	4	0	0	0	2	0	1	0	0	0	3	0	0	0	1	1	0	5	5	2
1593	40.8386	111.774002	818	7347	1281	39361	0	0	0	0	0	1	0	0	0	0	0	0	0	0	0	0	0	1	0	0
494	40.797001	111.555969	817	6189	1085	30573	6	0	1	0	4	0	0	0	0	0	5	0	0	0	1	1	0	7	6	5
1462	41.08923	111.467827	809	5848	965	24605	0	0	1	0	0	0	2	0	0	0	0	0	0	0	0	0	0	0	2	1
1054	40.853001	111.641998	808	6667	877	28375	0	0	0	0	0	0	0	0	0	0	1	0	0	0	0	1	0	2	0	0
619	40.760201	111.676003	807	8308	1578	107442	0	0	0	0	0	0	1	0	0	0	0	0	0	0	0	0	0	0	1	0
1111	40.8736	111.627998	799	6229	919	38324	1	0	0	0	0	0	1	0	0	0	1	0	0	0	0	0	0	1	2	0
1002	40.839001	111.651001	795	7682	1407	100312	9	3	5	0	5	2	5	0	3	0	4	0	0	0	3	0	0	9	17	13
1685	40.905602	111.841003	790	8285	1708	144235	0	0	0	0	1	0	0	0	0	0	0	0	0	0	0	0	0	0	0	1
1677	40.8979	111.847	787	7796	1451	88215	0	0	0	0	0	0	1	0	0	0	0	0	0	0	0	0	0	0	1	0
431	40.488701	111.788002	785	8164	1468	78020	2	0	0	0	0	0	0	0	0	0	0	0	0	0	0	0	0	0	2	0
641	40.800301	111.640999	783	4899	858	17520	14	4	11	0	4	0	2	3	5	0	6	0	0	0	3	3	0	12	24	19
1292	40.860439	111.661453	756	7093	1020	31442	4	2	1	1	3	0	0	0	1	1	4	0	0	1	0	1	0	6	6	7
108	40.195301	111.357002	742	6695	1416	45298	0	0	0	0	1	0	0	0	0	0	0	0	0	0	0	0	0	0	0	1
1077	40.8363	111.661003	735	7207	1197	68373	9	2	5	2	5	1	3	3	1	3	3	0	0	2	2	0	0	8	19	14
1004	40.7952	111.695	732	6246	976	26133	17	0	3	0	1	0	0	1	4	2	9	0	0	2	2	0	0	13	24	4
1674	40.897701	111.846001	731	6972	1113	61621	0	0	0	0	0	0	1	0	0	0	0	0	0	0	0	0	0	0	1	0
587	40.774899	111.652	729	3821	820	19022	0	0	0	0	0	0	0	0	1	0	1	0	0	0	0	0	0	1	1	0
1290	40.847401	111.674004	720	6461	914	46494	16	3	0	0	6	0	0	0	3	2	0	0	0	1	3	0	0	4	21	9
1104	40.872799	111.627998	710	7288	1291	57588	1	0	0	0	0	0	1	0	0	0	1	0	0	0	0	0	0	1	2	0
623	40.760601	111.677002	707	7478	1553	78858	0	0	0	0	0	0	1	0	0	0	0	0	0	0	0	0	0	0	1	0
1681	40.9044	111.841003	703	7927	1070	46206	0	0	0	0	1	0	0	0	0	0	0	0	0	0	0	0	0	0	0	1
883	40.840099	111.63887	702	6570	1012	33019	0	0	1	0	0	0	2	0	1	0	0	0	0	0	0	2	0	2	3	1
1547	40.838699	111.745003	701	2624	686	7816	8	2	5	0	3	1	1	1	0	0	4	0	0	0	2	0	1	8	10	10
1099	40.873501	111.626999	670	7500	1121	57992	1	0	0	0	0	0	1	0	0	0	1	0	0	0	0	0	0	1	2	0
1689	40.905998	111.842003	651	8108	1377	124653	0	0	0	0	1	0	0	0	0	0	0	0	0	0	0	0	0	0	0	1
432	40.4893	111.788002	650	8166	1408	109270	2	0	0	0	0	0	0	0	0	0	0	0	0	0	0	0	0	0	2	0
1541	40.825718	111.756454	630	5541	1012	26813	1	1	0	0	0	0	0	0	0	0	0	0	1	0	2	2	0	5	1	1
1103	40.775799	111.724998	628	6142	918	23672	3	0	0	0	1	0	0	0	0	0	0	0	0	0	0	0	0	0	3	1
1690	40.907001	111.841003	626	8378	1478	107020	0	0	0	0	1	0	0	0	0	0	0	0	0	0	0	0	0	0	0	1
981	40.838501	111.650002	625	6127	1069	53496	8	3	6	0	4	2	6	0	3	0	3	0	0	0	3	1	0	9	17	13
1570	40.831902	111.763	616	4773	775	17687	1	0	0	0	0	0	0	0	0	0	0	0	0	0	0	2	0	2	1	0
1675	40.897301	111.847	614	5709	949	41687	0	0	0	0	0	0	1	0	0	0	0	0	0	0	0	0	0	0	1	0
1368	40.800999	111.731003	603	3642	696	20275	1	0	1	0	0	0	0	1	1	0	1	0	0	0	0	0	0	1	3	1
1684	40.898899	111.847	599	7043	1050	64594	0	0	0	0	0	0	1	0	0	0	0	0	0	0	0	0	0	0	1	0
1678	40.903099	111.842003	580	6501	1258	53100	0	0	0	0	1	0	0	0	0	0	0	0	0	0	0	0	0	0	0	1
1411	40.806099	111.736	564	2067	591	6678	4	0	0	0	0	1	1	0	0	0	1	0	0	0	0	2	0	4	5	0
995	40.838699	111.651001	546	5336	881	40332	10	3	6	0	5	2	5	0	3	0	5	0	0	0	3	0	0	10	18	14
1118	40.851299	111.651001	528	3608	600	10221	5	3	1	0	2	1	0	0	4	0	5	0	0	0	0	2	0	8	9	6
1574	40.829201	111.767998	528	4296	856	19817	2	0	0	0	0	0	0	0	0	0	0	1	0	0	0	0	0	0	3	0
1063	40.836201	111.660004	522	6745	1038	52062	9	2	3	1	5	2	2	2	0	1	2	0	0	0	2	0	0	6	14	11
648	40.790699	111.653	508	2641	508	7998	11	2	4	2	7	1	1	1	5	1	1	0	0	1	2	2	0	7	19	15
1128	40.874901	111.627998	504	8084	1217	70631	1	0	0	0	0	0	1	0	0	0	1	0	0	0	0	0	0	1	2	0
1314	40.847301	111.678001	504	5223	1001	33862	14	4	3	1	6	2	5	4	5	4	2	0	0	4	3	0	0	11	32	14
474	40.7892	111.550003	492	5706	887	30466	0	0	0	0	0	0	1	0	0	0	0	0	0	0	0	2	0	2	1	0
526	40.810501	111.577003	491	1634	522	6326	0	0	0	0	0	0	0	0	1	0	0	0	0	0	0	0	0	0	1	0
991	40.838299	111.651001	486	6972	888	51064	8	3	5	0	4	2	6	0	3	0	3	0	0	0	3	0	0	8	17	12
622	40.760101	111.677002	484	7540	1098	62092	0	0	0	0	0	0	1	0	0	0	0	0	0	0	0	0	0	0	1	0
1527	40.822899	111.751999	482	3331	559	11003	1	1	0	0	0	0	0	0	0	0	0	0	0	0	0	2	0	2	1	1
1468	40.868698	111.689003	476	3240	995	40171	0	0	0	0	0	0	0	0	0	0	0	0	0	0	1	0	0	1	0	0
878	40.839802	111.638603	471	6929	881	31130	0	0	1	0	0	0	2	0	1	0	0	0	0	0	0	0	0	0	3	1
1683	40.9035	111.842003	471	7274	1171	58429	0	0	0	0	1	0	0	0	0	0	0	0	0	0	0	0	0	0	0	1
1388	40.856625	111.680161	470	3288	567	9764	6	0	0	0	1	0	1	0	0	0	0	0	0	0	0	1	0	1	7	1
1261	40.854401	111.664001	462	661	415	3777	13	4	0	0	2	0	0	1	2	2	1	1	0	1	1	3	0	6	19	6
1679	40.8983	111.847	461	4441	668	23946	0	0	0	0	0	0	1	0	0	0	0	0	0	0	0	0	0	0	1	0
1515	40.820301	111.751999	445	2946	584	14432	1	0	0	0	0	0	0	0	0	0	0	0	0	0	1	0	0	1	1	0
1493	40.812199	111.752998	441	4534	547	15710	0	1	0	0	0	0	1	0	0	0	0	0	0	0	1	1	0	2	1	1
972	40.8391	111.649002	440	1811	442	6464	8	3	5	0	3	2	7	0	3	0	5	0	0	0	3	1	0	11	18	11
1240	40.8027	111.713997	433	5134	666	15665	14	2	2	0	5	1	0	1	0	0	1	0	0	0	1	0	0	3	15	9
427	40.492901	111.781998	433	5676	931	45389	1	0	0	0	0	0	1	0	0	0	0	0	0	0	0	0	0	0	2	0
1125	40.8396	111.663002	415	3891	709	15545	14	5	5	2	7	2	10	2	5	2	3	0	0	1	3	0	0	9	33	19
1367	40.8009	111.731003	412	2617	536	11496	1	0	1	0	0	0	0	1	1	0	1	0	0	0	0	0	0	1	3	1
646	40.7985	111.644997	407	4300	765	17314	12	2	14	0	2	0	1	3	2	0	10	0	0	1	1	2	0	14	18	18
1094	40.8731	111.626999	394	6924	1115	54937	1	0	0	0	0	0	1	0	0	0	1	0	0	0	0	0	0	1	2	0
1501	40.828602	111.737999	393	4798	536	15727	0	0	1	0	0	0	1	0	0	0	0	0	0	0	0	0	0	0	1	1
1308	40.856098	111.667999	390	5391	950	39780	12	4	0	1	3	0	0	1	2	2	2	0	0	2	1	3	0	8	17	8
1078	40.836601	111.661003	386	5678	987	37291	9	2	5	2	5	1	3	3	1	3	3	0	0	2	3	0	0	9	19	14
1467	40.8606	111.696999	385	3230	517	13695	0	0	3	0	0	0	0	0	0	0	3	0	0	0	0	2	0	5	0	3
616	40.7598	111.676003	381	6000	813	40119	0	0	0	0	0	0	1	0	0	0	0	0	0	0	0	0	0	0	1	0
1498	40.810699	111.754997	377	3950	555	10130	0	0	0	0	0	0	1	0	0	0	0	0	0	0	0	0	0	0	1	0
1015	40.7869	111.704002	362	4316	682	14566	8	0	2	0	8	0	1	0	1	2	1	0	0	1	0	3	0	5	12	10
1480	40.869801	111.692001	356	7395	922	55932	1	0	0	0	0	0	1	0	0	0	2	1	0	0	2	1	0	5	3	0
1005	40.789299	111.700996	354	2672	528	11256	9	2	1	0	5	0	0	0	1	1	1	0	0	2	0	3	0	6	11	8
471	40.790001	111.547997	347	3960	579	13933	0	0	0	0	0	0	0	0	0	0	0	0	0	0	0	2	0	2	0	0
607	40.804901	111.628998	344	1907	426	5850	4	0	0	0	1	0	0	0	2	0	2	0	0	0	0	2	0	4	6	1
1448	40.820202	111.733002	330	2051	440	5656	9	0	2	1	5	0	0	1	3	1	3	1	0	1	0	1	0	5	15	8
1085	40.8367	111.662003	328	6918	1117	49071	10	3	7	2	6	1	3	3	3	3	3	0	0	2	3	0	0	9	22	18
1544	40.84	111.742996	328	1695	437	6560	10	3	7	0	6	2	0	0	0	1	6	0	0	1	1	0	2	12	11	16
1524	40.815399	111.758003	318	2140	344	6980	1	0	0	0	0	0	0	0	0	0	0	0	0	0	0	2	0	2	1	0
1395	40.8102	111.727997	314	3771	629	11479	0	0	0	0	0	1	1	0	0	0	0	0	0	0	0	0	0	1	1	0
643	40.775799	111.666	309	4648	598	15151	2	0	0	0	1	0	1	0	0	0	0	0	0	0	0	0	0	0	3	1
917	40.782001	111.700996	308	3646	488	9185	9	0	1	0	4	0	0	0	1	1	0	0	0	0	0	0	0	0	11	5
1100	40.850601	111.650002	305	3433	520	14617	3	0	0	0	2	1	0	0	4	0	5	0	0	0	0	1	0	7	7	2
986	40.839001	111.650002	305	5802	948	40811	10	3	6	0	5	2	6	0	3	0	5	0	0	0	3	1	0	11	19	14
756	40.827599	111.639	305	4838	614	13982	2	1	4	0	2	1	0	0	2	0	0	0	0	0	1	0	0	2	4	7
1233	40.856701	111.658997	297	1283	361	4053	3	0	1	0	1	0	0	0	0	0	1	2	0	0	0	2	0	3	5	2
1529	40.824947	111.750877	290	4503	615	17371	1	0	0	0	0	0	0	0	0	0	0	0	0	0	0	1	0	1	1	0
872	40.792099	111.685997	286	2917	342	7351	15	0	0	0	3	0	0	1	4	1	5	0	0	1	0	1	0	7	21	3
928	40.790199	111.694	280	2590	583	11656	13	1	3	0	4	0	1	3	4	1	7	0	0	1	0	1	0	9	22	8
1454	40.82457	111.730064	274	2589	504	6579	9	0	3	2	5	0	0	2	0	1	1	0	0	3	1	0	0	5	12	10
1475	40.871899	111.689003	272	5503	885	37496	0	0	0	0	0	0	0	0	0	0	0	0	0	0	1	0	0	1	0	0
1030	40.789902	111.702003	271	3072	387	8616	10	2	1	0	6	0	2	0	28	1	1	0	0	2	0	3	0	6	41	9
1361	40.848	111.682999	269	3954	749	20239	12	4	2	1	6	2	3	2	3	2	2	0	0	3	2	0	0	9	22	13
1507	40.815201	111.752998	263	2503	499	8050	0	1	0	0	0	0	0	0	0	0	0	0	0	0	1	1	0	2	0	1
854	40.778	111.698997	263	1781	358	4508	2	0	0	0	0	0	0	0	0	1	0	0	0	1	0	1	0	2	3	0
1347	40.8619	111.667	261	2151	310	4318	8	2	2	1	2	0	0	1	1	1	5	0	0	1	0	0	0	6	11	7
1437	40.8456	111.702003	259	4845	516	13235	10	0	8	0	5	0	5	4	7	1	0	0	0	1	2	3	0	6	27	13
417	40.476501	111.792	254	1966	379	5336	0	0	0	0	0	0	0	0	0	0	0	0	0	0	1	0	0	1	0	0
1229	40.802601	111.711998	254	2014	469	6602	6	1	2	0	6	0	0	1	1	0	1	0	0	0	1	0	0	2	8	9
491	40.794601	111.555	237	1542	332	3986	4	0	0	0	2	0	1	0	0	0	3	0	0	0	0	1	0	4	5	2
1443	40.816509	111.734344	234	1314	351	4413	12	0	1	0	2	0	0	1	3	1	0	1	0	0	0	1	0	1	18	3
864	40.780499	111.696999	234	3885	504	11867	3	0	0	0	1	0	0	0	0	0	0	0	0	0	0	1	0	1	3	1
1533	40.828487	111.748276	233	3363	625	15098	1	0	0	0	0	0	0	0	0	0	0	0	0	0	0	1	0	1	1	0
704	40.8228	111.636002	231	3347	413	7187	4	1	4	0	0	0	1	0	4	2	2	0	0	2	0	0	0	4	11	5
375	40.380299	111.825996	228	3049	447	8723	8	0	8	0	4	1	2	4	5	1	1	0	0	1	2	0	1	6	20	12
100	40.1973	111.348	224	3554	536	11507	1	0	0	0	3	0	1	0	0	0	0	0	0	0	3	0	0	3	2	3
1520	40.821701	111.750999	218	2173	340	4678	1	0	0	0	0	0	0	0	0	0	0	0	0	0	0	1	0	1	1	0
1465	40.814499	111.742996	217	1840	286	5786	0	0	0	0	1	0	0	0	0	0	0	0	0	0	0	0	0	0	0	1
1058	40.8536	111.641998	215	1926	376	7472	0	0	0	0	1	0	0	0	0	0	1	0	0	0	0	1	0	2	0	1
860	40.781399	111.695999	205	2563	432	9247	3	0	0	0	1	0	0	0	0	0	0	0	0	0	0	0	0	0	3	1
1033	40.855202	111.637001	191	1988	350	4339	0	0	0	0	0	0	0	0	0	0	1	0	0	0	0	0	0	1	0	0
1187	40.853901	111.654999	188	998	300	2612	8	3	3	0	0	0	0	0	0	0	1	1	0	0	0	3	1	5	9	6
1108	40.8503	111.651001	186	1352	376	4519	4	2	0	0	2	1	0	0	4	0	5	0	0	0	0	0	0	6	8	4
1363	40.857651	111.673401	185	2473	442	7555	3	2	0	0	0	0	1	0	0	0	0	0	0	0	0	1	0	1	4	2
1502	40.805698	111.761002	183	2130	403	5284	0	0	0	0	0	0	0	0	0	0	0	0	0	0	0	1	0	1	0	0
693	40.814602	111.641998	177	4424	558	12822	17	4	4	1	8	2	4	0	2	1	1	0	1	1	1	1	0	7	24	17
957	40.7836	111.703003	176	2576	370	5907	10	0	2	0	6	0	1	0	1	2	0	0	0	1	0	1	0	2	14	8
96	40.198101	111.342003	171	3176	435	9028	0	0	0	0	0	0	1	0	0	0	0	0	0	0	0	0	0	0	1	0
920	40.7542	111.728996	171	2660	344	9144	0	0	0	0	1	0	0	0	0	0	0	0	0	0	0	1	0	1	0	1
1095	40.850201	111.650002	171	2287	353	5276	3	0	0	0	2	1	0	0	4	0	5	0	0	0	0	1	0	7	7	2
941	40.77	111.714996	169	1152	251	2935	0	0	0	0	0	0	0	0	0	0	0	0	0	0	0	1	0	1	0	0
1253	40.857399	111.660004	166	1371	222	2791	6	2	0	0	1	0	0	1	1	1	0	1	0	0	0	2	0	2	10	3
630	40.775299	111.664001	158	1214	222	2948	2	0	0	0	1	0	1	0	1	0	0	0	0	0	0	0	0	0	4	1
310	40.106098	111.967003	158	1272	331	3277	1	0	0	0	0	0	0	0	0	0	0	0	0	0	0	0	0	0	1	0
615	40.759899	111.675003	154	291	258	3177	2	0	0	0	0	0	1	0	0	0	0	0	0	0	0	0	0	0	3	0
1499	40.815701	111.75	150	1054	193	2063	0	1	0	0	0	0	0	0	0	0	0	0	0	0	1	1	0	2	0	1
1567	40.830002	111.764	141	2085	260	4447	1	0	0	0	0	0	0	0	0	0	0	0	0	0	0	2	0	2	1	0
1472	40.8284	111.731003	139	936	220	2098	12	0	3	1	3	0	3	2	3	0	1	0	0	1	2	0	0	4	20	7
654	40.790699	111.653999	137	1241	229	6176	14	2	4	2	8	1	3	1	5	1	1	0	1	1	3	2	0	9	24	16
1548	40.838799	111.745003	135	967	207	2588	9	2	5	0	3	1	1	1	0	0	4	0	0	0	2	0	1	8	11	10
906	40.782501	111.699448	133	2255	304	5547	7	0	1	0	2	0	0	0	1	1	0	0	0	0	0	1	0	1	9	3
1474	40.807899	111.752998	132	792	170	1822	2	0	0	0	0	0	1	0	0	0	0	0	0	0	0	0	0	0	3	0
845	40.8354	111.640999	129	1505	346	5026	5	2	2	0	2	0	3	1	1	0	1	0	0	0	1	0	0	2	10	6
1200	40.797901	111.712997	125	708	238	2512	8	0	4	0	1	0	0	1	0	0	1	0	0	0	0	0	0	1	9	5
843	40.779892	111.696327	124	3011	496	14066	3	0	0	0	1	0	0	0	0	0	0	0	0	0	0	1	0	1	3	1
1447	40.840801	111.711998	121	1012	254	2829	12	2	2	0	3	0	0	3	1	0	3	0	0	0	0	3	0	6	16	7
1370	40.85873	111.673943	119	762	229	3247	1	0	0	0	0	0	1	0	0	0	0	0	0	0	0	0	0	0	2	0
1516	40.820499	111.751999	118	1037	211	2525	1	0	0	0	0	0	0	0	0	0	0	0	0	0	1	0	0	1	1	0
104	40.200901	111.347	116	1193	290	3509	1	0	0	0	2	0	1	0	0	0	0	0	0	0	3	0	0	3	2	2
1075	40.773201	111.723999	116	763	159	1765	4	0	0	0	1	0	0	0	0	0	0	0	0	0	0	0	0	0	4	1
566	40.819801	111.598999	109	914	226	1942	0	0	0	0	0	0	0	0	0	0	1	0	0	0	0	0	0	1	0	0
1165	40.775101	111.731003	103	1383	198	3497	1	0	0	0	0	0	0	0	0	0	0	0	0	0	0	1	0	1	1	0
951	40.7826	111.703003	96	2076	280	5476	12	0	2	0	6	1	1	1	2	1	0	0	0	0	0	1	0	2	17	8
1179	40.802502	111.705002	95	691	127	1181	15	0	5	0	10	0	1	1	2	1	1	1	0	0	4	0	0	5	21	15
1488	40.811001	111.752998	94	736	149	1250	2	1	0	0	0	0	1	0	0	0	0	0	0	0	0	1	0	1	3	1
538	40.813202	111.583	92	648	183	1712	0	0	0	0	0	0	0	0	1	0	0	0	0	0	0	0	0	0	1	0
1492	40.8251	111.739998	91	430	111	835	1	0	0	0	0	0	0	0	0	0	0	0	0	0	0	0	0	0	1	0
608	40.807201	111.626999	90	609	221	1980	10	2	1	0	2	0	1	0	2	0	5	0	0	2	1	2	0	10	13	5
1161	40.775318	111.73037	88	834	250	2779	2	0	0	0	1	0	0	0	0	0	0	0	0	0	0	1	0	1	2	1
1633	40.858601	111.818001	87	1319	283	3398	4	0	1	0	2	0	0	0	0	0	1	0	0	0	0	0	0	1	4	3
1142	40.775002	111.728996	85	1335	193	3440	5	0	0	0	1	0	0	0	0	0	0	0	0	0	0	1	0	1	5	1
1564	40.825401	111.766998	76	457	122	1106	1	0	0	0	0	0	0	0	0	0	0	0	0	0	0	0	0	0	1	0
617	40.775002	111.661003	57	184	92	479	1	0	0	0	1	0	1	1	1	0	0	0	0	0	0	0	0	0	4	1
1552	40.835499	111.75	57	999	173	2447	7	0	7	0	2	1	0	1	0	0	7	0	0	0	3	0	1	12	8	9
1021	40.766399	111.724998	44	718	172	2150	1	0	0	0	0	0	0	0	0	0	0	0	0	0	0	0	0	0	1	0
945	40.778099	111.707001	43	362	88	6119	6	0	0	0	2	2	1	1	1	1	0	0	0	1	0	1	0	4	10	2
1114	40.8508	111.651001	42	178	84	434	5	3	1	0	2	1	0	0	4	0	5	0	0	0	0	1	0	7	9	6
1126	40.851799	111.651001	40	256	110	1323	7	3	3	0	2	1	0	0	3	0	6	0	0	0	0	2	0	9	10	8
900	40.783199	111.697998	39	313	56	587	7	0	1	0	2	0	0	0	1	0	1	0	0	0	0	1	0	2	8	3
884	40.792301	111.686996	33	102	52	209	16	1	0	0	2	0	0	3	3	1	7	0	0	1	0	1	0	9	23	3
1549	40.838902	111.745003	29	72	51	174	9	2	5	0	3	1	1	1	0	0	4	0	0	0	2	0	1	8	11	10
1586	40.831402	111.774002	28	198	70	541	1	0	0	0	0	0	0	0	0	0	0	1	0	0	1	0	0	1	2	0
1374	40.8573	111.676003	28	49	28	100	6	0	0	0	1	0	1	0	0	0	0	0	0	0	0	1	0	1	7	1
1113	40.851799	111.650002	24	94	53	229	5	2	1	0	2	1	0	0	2	0	7	0	0	0	0	2	0	10	7	5
1109	40.851299	111.650002	21	49	23	65	4	2	0	0	2	1	0	0	3	0	6	0	0	0	0	2	0	9	7	4
498	40.799	111.558998	21	73	43	160	6	0	1	0	4	0	0	0	0	0	5	0	0	0	1	1	0	7	6	5
673	40.807201	111.643997	18	153	34	314	10	4	3	0	3	0	2	1	6	0	2	0	0	1	2	2	0	7	19	10
1117	40.8521	111.650002	11	23	29	75	7	2	3	0	2	1	0	0	2	0	7	0	0	0	0	2	0	10	9	7
1479	40.816799	111.745003	10	51	18	81	0	1	0	0	1	0	0	0	0	0	0	0	0	0	1	1	0	2	0	2
968	40.779999	111.708	9	28	19	111	11	0	1	0	6	2	1	1	1	1	0	0	0	0	0	0	0	2	15	7
493	40.800301	111.552002	6	56	23	127	2	0	1	0	0	0	0	0	0	0	4	0	0	0	0	1	0	5	2	1
1214	40.797798	111.714996	6	7	8	12	7	0	4	0	2	0	0	1	0	0	1	0	0	0	0	0	0	1	8	6
99	40.200802	111.344002	2	878	34	1777	1	0	0	0	1	0	1	0	0	0	0	0	0	0	0	0	0	0	2	1
1119	40.875301	111.626999	1	1	1	1	1	0	0	0	0	0	0	0	0	0	1	0	0	0	0	0	0	1	1	0
