平均值	8.231423551194093E-4	8.989138738979806E-4	8.257108476106903E-4	0.0026146804259143766	0.002648086149799909	0.0027246953004005743	0.0025448985009926257	0.002575417933204956	0.002563412580869232
SiteId	Latitude	Longitude	UserCount	MinuteCount	URICount	TotalCount	工作区	生活区	商业区	timeZone1	timeZone2	timeZone3	timeZone4	timeZone5	timeZone6
971	40.828098	111.660004	6422	8415	842	152578	4	10	8	14784	16775	40259	34167	40617	5976
1047	40.801399	111.693001	6996	8641	896	448614	0	2	2	24251	36110	161243	90966	116403	19641
861	40.819401	111.657997	6478	8606	782	148300	0	49	4	7426	9016	31276	33663	39270	27649
1043	40.803001	111.691002	6117	8648	867	371944	0	5	2	44424	37998	110579	79314	82896	16733
1042	40.8228	111.670998	5997	8670	744	138951	10	8	3	11167	13102	30523	27594	31674	24891
614	40.776901	111.657997	5073	8728	834	150503	0	2	0	11530	18735	33507	26593	33351	26787
1066	40.8055	111.691002	5893	8630	844	256749	0	8	2	37049	28824	60660	56503	56611	17102
1512	40.8357	111.73394	5095	8485	813	131494	5	25	6	15489	20392	29595	22974	35002	8042
1098	40.814499	111.685997	5590	8401	820	159507	2	9	5	6573	9385	50845	34528	38380	19796
656	40.791801	111.653999	4501	8427	817	114760	2	5	1	14886	16323	26785	23490	27096	6180
1344	40.839699	111.689003	4272	8357	804	132760	3	9	7	10393	13374	32647	31300	38968	6078
946	40.8251	111.660004	4714	8138	741	103386	5	19	4	12309	11866	24830	22651	27765	3965
684	40.807098	111.648003	5085	8790	819	178129	1	1	0	18737	21112	32513	33025	36028	36714
892	40.824525	111.655892	4281	8784	847	202951	5	23	9	21344	20418	46669	38781	43428	32311
725	40.815399	111.648003	5296	8714	811	147670	0	13	11	9757	12714	31811	31009	38350	24029
1086	40.810001	111.689003	5557	8330	795	149347	4	23	10	10608	14190	46963	30559	40656	6371
1545	40.837	111.746013	4226	8492	830	200884	2	0	0	14124	22594	61302	44907	51102	6855
1304	40.828499	111.695	5309	8795	818	251882	4	6	3	23558	24302	63150	51813	56890	32169
904	40.827801	111.653999	3856	8452	788	127145	3	4	2	17537	16879	32574	24398	28871	6886
763	40.819801	111.648003	4615	8654	764	133116	1	0	1	9630	12862	31524	29156	29515	20429
1245	40.8419	111.675003	4755	8768	819	188699	1	11	6	12846	14405	38310	43841	45516	33781
841	40.810101	111.666	4347	8801	850	204037	2	1	3	21552	20505	41364	40905	41215	38496
599	40.7915	111.639999	3618	8550	813	133741	0	0	1	16705	23694	28022	21774	34339	9207
926	40.8181	111.666	4777	8621	771	127602	5	21	7	11671	8533	25461	26348	32649	22940
770	40.797001	111.671997	4244	8390	750	108762	2	10	9	13674	16111	24341	21692	27975	4969
633	40.803101	111.637001	3503	8613	821	198408	2	8	2	31347	36080	43288	34030	41637	12026
1149	40.815899	111.689003	4520	8737	808	162181	2	1	1	9418	15835	32400	34450	35644	34434
677	40.8032	111.649002	3853	8394	746	123807	3	11	1	14438	17560	29117	26878	30121	5693
1188	40.808102	111.700996	4610	8544	793	168522	0	5	1	20052	21663	41180	33060	43082	9485
553	40.775799	111.635002	3434	8784	853	162947	2	0	0	17258	21293	24496	24179	31544	44177
1106	40.835999	111.665001	4607	8223	809	143364	3	4	0	9932	14327	50457	26150	37972	4526
690	40.816299	111.639999	4526	8751	782	148913	3	5	4	15012	15261	23629	27733	36023	31255
631	40.788502	111.651001	3756	8518	814	136564	1	0	0	14409	23218	31671	26801	32738	7727
935	40.76997	111.714699	3189	8842	846	231262	1	0	0	23642	26656	43142	39870	47090	50862
548	40.793701	111.614998	2793	8462	814	132674	0	5	3	13259	22596	31355	26512	31444	7508
1263	40.8466	111.671997	4051	8827	834	279832	0	3	1	33992	23043	62071	48175	58729	53822
698	40.808899	111.649002	4259	8538	781	120713	0	7	1	10196	9058	22597	28762	30753	19347
1244	40.819901	111.696999	4351	8633	726	113669	5	15	9	11212	9604	20567	22658	27134	22494
1671	40.896702	111.845001	4328	8787	869	269989	0	1	0	19131	27969	70288	51859	51571	49171
1482	40.83559	111.726733	4277	8433	773	125730	4	11	8	10978	15355	28777	29228	35010	6382
1378	40.830601	111.704002	3642	8531	769	147018	7	11	5	17180	18731	33789	30579	38430	8309
1134	40.857201	111.646004	3189	8619	769	120336	1	1	2	15366	13790	19341	19673	25225	26941
1282	40.829498	111.691002	3999	8681	725	136897	1	12	8	14269	13463	26760	21463	34407	26535
1435	40.86388	111.683207	3356	8662	801	122976	0	2	2	8024	15973	23729	24074	26790	24386
895	40.8018	111.679001	3233	8497	734	127858	3	7	1	19681	18561	26602	25511	28451	9052
862	40.829399	111.648003	3996	8159	691	98114	2	3	1	9145	10271	27905	20576	25129	5088
1082	40.832401	111.666	3789	8365	705	110667	0	1	2	11249	13024	29768	20077	30886	5663
842	40.806198	111.669998	4105	8453	714	116992	9	14	10	18879	19059	26441	20105	25927	6581
697	40.7938	111.664001	3501	8438	735	101930	5	16	11	14685	15571	22033	15308	27506	6827
873	40.851101	111.626999	3905	8788	814	173535	0	5	1	17765	16857	31904	29895	44625	32489
1357	40.8298	111.700996	4061	8590	712	96474	8	7	2	8647	8751	19969	20776	24767	13564
817	40.801601	111.671997	3354	8337	757	142979	5	21	6	12145	18163	41914	29038	36643	5076
1351	40.816299	111.713997	2881	8243	718	105818	1	9	5	9948	10708	26480	23992	29012	5678
1003	40.7971	111.693001	3607	8312	779	138661	2	3	2	12620	12330	42290	26536	36682	8203
1243	40.843899	111.672997	3893	8527	800	212074	7	18	8	12267	15527	62314	47135	51432	23399
1297	40.843399	111.679001	3860	8686	813	246610	5	17	5	14612	17300	70902	45714	57330	40752
1318	40.85765	111.66798	2861	8789	810	194647	0	2	2	23437	21629	32204	33729	35200	48448
1242	40.802799	111.713997	2919	8590	808	244852	1	1	2	53068	43290	52424	45813	37928	12329
664	40.792599	111.655998	3010	8389	723	108006	3	13	4	13404	17842	26051	20344	23778	6587
1065	40.809399	111.686996	3845	7266	770	132340	5	16	6	4188	9244	45930	30223	39076	3679
1390	40.806999	111.730003	2346	8757	822	190770	1	2	0	10433	19098	48787	39256	43650	29546
1010	40.838699	111.652069	3045	8849	899	307447	1	1	4	23322	32563	65993	59042	61550	64977
699	40.779457	111.678472	3071	8527	795	107696	0	1	1	8451	12773	20931	16250	21419	27872
1154	40.84091	111.66438	3431	8494	708	98098	3	8	6	10081	8291	16777	19371	23053	20525
674	40.805199	111.646004	2758	8791	878	265741	2	5	3	18871	23694	58875	56368	56455	51478
601	40.794863	111.636652	2390	8506	764	119018	0	2	5	20883	23487	23388	20487	23854	6919
982	40.838581	111.650002	3471	8671	871	221562	1	0	1	9980	16389	63742	39119	47326	45006
1224	40.811901	111.702003	3003	8558	833	295163	3	14	7	18450	20507	100431	59721	81667	14387
1450	40.820801	111.733002	2657	8700	701	102744	1	2	3	12539	13339	19840	18841	18910	19275
1265	40.813801	111.705002	2881	8635	811	273921	1	7	4	53234	40915	55556	55209	50236	18771
1442	40.8428	111.708	2743	8689	739	108298	1	3	4	10081	12238	21542	19599	21604	23234
1369	40.798401	111.734001	2177	8760	811	144947	0	4	0	12117	17581	28194	25710	29997	31348
558	40.7794	111.635002	2144	8782	813	168619	0	0	1	17579	25459	21925	21893	33639	48124
780	40.817101	111.653	3020	8544	736	94911	3	1	1	12145	8494	18514	17889	18884	18985
1055	40.8363	111.658997	2812	8397	794	133477	5	1	3	11195	12356	42585	25895	34546	6900
1203	40.815102	111.695999	3031	8547	744	146679	1	12	10	21711	14599	27600	30736	40515	11518
823	40.820202	111.653999	2695	8825	846	281045	3	20	6	18610	22208	74514	54560	59066	52087
1332	40.844398	111.682999	3044	8782	829	158821	2	5	5	15120	15181	34231	28375	33757	32157
980	40.802502	111.685997	2670	8611	825	267022	6	18	8	39363	26629	71370	53808	57160	18692
1428	40.825001	111.721001	2434	8501	735	121109	3	8	4	15657	16473	28917	23104	30228	6730
813	40.815102	111.657997	2801	8639	707	122408	2	15	5	8128	6857	23802	33053	31494	19074
1300	40.8391	111.683998	2876	8406	710	95503	3	5	3	17263	14390	18036	17565	21446	6803
1000	40.807999	111.681999	2632	8487	734	135532	4	10	5	14843	17760	32095	28132	33745	8957
764	40.810902	111.656998	2358	8707	724	123818	6	28	7	11998	10502	24093	24526	24731	27968
1309	40.847198	111.677002	2964	8639	786	171196	0	2	1	13568	13997	41059	30887	38112	33573
1382	40.8344	111.700996	2130	8030	776	150151	3	17	6	20342	27327	32403	31553	30231	8295
1554	40.892799	111.693001	1715	8704	828	188503	0	1	0	12650	17279	51715	32328	37170	37361
1235	40.809101	111.707001	2908	8208	730	165895	1	12	6	19270	14874	52972	34881	39405	4493
1273	40.811199	111.708	2582	8451	744	124257	4	14	9	12693	12993	35239	23964	31568	7800
54	40.276539	111.191353	1582	8285	760	96701	1	4	2	4507	8735	16362	23313	19984	23800
663	40.814419	111.634003	2531	8235	824	223630	2	5	2	24804	27007	55609	38259	39290	38661
582	40.795399	111.628998	2127	8301	759	131510	3	2	1	11796	18469	38116	24674	32894	5561
1452	40.830299	111.723999	2049	8560	816	180895	1	3	0	23641	23322	50370	35460	37408	10694
577	40.807598	111.614998	2165	8340	724	103941	0	1	0	15411	20112	23242	16756	20205	8215
691	40.8125	111.643997	2470	8718	786	128736	0	0	1	17044	10824	17955	26418	23547	32948
669	40.783501	111.667	2141	8763	764	136844	0	0	1	17960	18920	21206	20863	21627	36268
1413	40.8423	111.699997	2078	8692	715	104661	6	10	9	14302	12092	13839	16616	19574	28238
1695	40.898201	111.851997	3054	8797	795	193648	0	1	0	18312	21981	41497	35834	36377	39647
228	40.7159	111.126999	1618	8438	726	98380	0	3	1	5842	11268	17482	20154	20304	23330
644	40.8116	111.630997	2424	8463	738	107777	5	13	8	16637	15107	26869	19926	22775	6463
1175	40.803001	111.704002	2649	8319	723	153541	0	1	1	37514	25329	31747	28098	21742	9111
1691	40.897999	111.850998	2542	8681	832	226008	0	1	0	22862	24041	40803	39529	44481	54292
1307	40.818699	111.705002	1983	8786	766	142321	0	13	5	16738	19261	22962	22889	25781	34690
1121	40.8134	111.689003	2574	8557	758	140293	2	6	1	19303	12601	27410	21845	26499	32635
947	40.784199	111.700996	1938	8710	743	131542	0	4	1	11066	14150	29291	29220	28336	19479
1438	40.827801	111.720001	1737	8517	752	144200	1	3	0	25598	22663	32742	25326	29396	8475
221	40.718601	111.114998	1848	8101	798	132852	1	1	0	3987	11328	28004	28201	31363	29969
1207	40.837799	111.674004	2411	7525	740	125538	4	16	8	5521	10805	38719	25572	40700	4221
685	40.819599	111.636002	1924	8772	800	193968	1	1	0	12476	17186	47713	38610	41083	36900
661	40.7892	111.658997	1776	8450	742	115500	2	3	3	11900	18073	28304	23401	26910	6912
514	40.7714	111.605003	1825	8488	686	109215	2	0	1	8315	14699	17921	16846	19740	31694
1137	40.841499	111.662003	1804	8764	777	139625	0	2	1	15925	18732	20608	23227	26205	34928
1416	40.805012	111.737558	1898	8662	763	107522	1	1	0	10925	13366	17848	18438	21322	25623
1176	40.839199	111.667999	1893	8280	705	93900	1	10	11	15813	13784	23030	17863	18492	4918
1365	40.847599	111.683998	2294	8324	758	98982	0	1	0	10092	8705	16838	19562	19344	24441
563	40.791401	111.625999	1477	8473	767	99754	0	1	0	15066	17545	20189	16935	21054	8965
565	40.759602	111.658997	2341	7485	792	116118	0	1	0	12844	16767	36824	14218	16740	18725
1445	40.834783	111.717001	1678	8559	767	143000	1	2	5	19323	22133	35788	27048	28878	9830
734	40.820099	111.643997	1902	8715	698	113824	0	5	2	11475	12961	18235	19144	24153	27856
58	40.2761	111.198997	1338	8509	775	104254	0	4	0	6354	9427	17718	22187	21961	26607
679	40.8097	111.642998	2073	8222	770	139752	1	1	0	13173	13534	28280	25502	28075	31188
1051	40.818699	111.676003	1380	8765	718	133124	7	14	9	18610	13037	18768	26257	26036	30416
590	40.786598	111.641998	1254	8439	714	94910	1	3	2	15812	19121	18592	12128	20599	8658
942	40.798	111.686996	1780	8304	735	109233	5	13	3	13481	12805	31216	22586	23526	5619
1141	40.813801	111.690002	2101	8633	734	110583	2	7	2	12220	9455	22470	24004	21255	21179
1091	40.790798	111.709	1631	8622	717	99297	2	1	1	12218	15248	16076	15473	17876	22406
649	40.813801	111.629997	1674	8508	784	177413	3	4	5	18013	28391	48065	37565	37372	8007
1451	40.846085	111.707718	1434	8715	714	105380	0	2	1	13378	12861	13873	16583	22744	25941
870	40.821594	111.656372	1705	8670	736	125618	3	54	8	11681	12098	17038	25624	26180	32997
1087	40.844299	111.654999	1824	8757	774	162761	1	0	0	21854	24466	22835	30482	27548	35576
929	40.761379	111.722862	1433	8592	756	96727	0	1	0	8455	10795	17884	17062	17581	24950
1073	40.813202	111.683998	2016	7357	777	180452	5	14	8	2047	7994	72357	30546	47922	19586
668	40.819099	111.630997	1462	8584	731	103677	2	1	3	11299	10980	10912	18488	19183	32815
1373	40.844101	111.689003	1114	8690	728	114585	4	6	4	8908	14617	17353	21413	20307	31987
624	40.7607	111.677002	1724	7714	721	133650	0	1	0	4367	9016	37931	24497	36643	21196
636	40.806499	111.634003	1268	8457	694	98601	1	11	5	13440	19547	20945	16114	20200	8355
105	40.2015	111.348	992	8635	740	108438	0	1	1	12229	15015	17954	20389	20908	21943
815	40.822399	111.651001	1322	8584	666	101211	0	5	3	11137	12279	21237	17323	18773	20462
1288	40.8442	111.677002	2058	4539	729	132457	1	11	5	62	2425	53035	33260	37430	6245
741	40.7794	111.685997	1266	8690	685	97567	1	1	2	12484	12301	15310	12797	17990	26685
950	40.8004	111.684998	1706	8128	654	101014	5	15	6	13153	14820	26467	18457	22304	5813
1426	40.847698	111.697998	1134	8649	740	114016	0	8	3	9439	12323	26447	23280	21618	20909
1291	40.8195	111.702003	935	8355	625	88738	0	15	4	8393	10400	13490	14590	14956	26909
1022	40.841692	111.649827	1041	8577	760	144609	3	5	0	8917	13566	26160	30637	34694	30635
1680	40.897301	111.848	1166	8491	663	108726	0	1	0	13357	14249	9549	24826	19855	26890
979	40.840401	111.648003	1082	6904	720	110375	1	2	2	2653	5799	42564	19646	25320	14393
1239	40.844601	111.671997	699	8199	575	99616	3	14	2	13472	11561	12333	22860	10828	28562
1682	40.898499	111.847	624	8199	614	109244	0	1	0	15191	17427	7112	22357	23583	23574
1248	40.846199	111.670998	522	8616	653	135777	1	6	2	23170	18387	16331	26358	16784	34747
1486	40.835602	111.726997	464	7535	556	168253	3	11	8	2742	8230	52324	43297	56904	4756
1685	40.905602	111.841003	268	7817	526	97065	0	0	1	12244	16079	11638	18936	13991	24177
