0.0022718487669322485	6.145817647222111E-10	3.6219404504673258E-9	6.109679860901163E-9	1.255790927597968E-9	2.805126223428803E-9	7.400911216470977E-9	5.975839787305042E-9	3.318589977446099E-9	6.9983464377020466E-9	3.7694735658847926E-6	5.948999335776378E-9	2.0340131875285697E-9	3.3524535268057504E-9	9.694365927557647E-5
0.0027152305007835027	6.145817647222111E-10	3.6219404504673258E-9	6.109679860901163E-9	2.3872585533637374E-6	2.805126223428803E-9	7.400911216470977E-9	5.975839787305042E-9	3.318589977446099E-9	6.9983464377020466E-9	1.1775924916853462E-9	5.948999335776378E-9	2.0340131875285697E-9	3.3524535268057504E-9	1.0413847931424557E-4
0.0032998665923218828	6.145817647222111E-10	3.9877564359645255E-6	6.109679860901163E-9	1.255790927597968E-9	3.5429024714528123E-4	7.400911216470977E-9	5.975839787305042E-9	3.318589977446099E-9	5.4594100560513664E-5	1.3425731997704632E-5	3.213054541252821E-5	2.0340131875285697E-9	5.029015535561306E-5	1.1988298810016433E-4
0.0020105282052110666	3.6266469936257674E-6	3.6219404504673258E-9	6.109679860901163E-9	1.382625811285363E-6	2.805126223428803E-9	7.400911216470977E-9	5.975839787305042E-9	1.4436198260888274E-4	6.9983464377020466E-9	3.7694735658847926E-6	5.948999335776378E-9	2.0340131875285697E-9	3.3524535268057504E-9	2.452784230598258E-4
0.0017625483328270021	3.872479699514652E-6	3.6219404504673258E-9	2.688320235595121E-4	6.5313686144370314E-6	1.015483744143461E-4	1.628940558745262E-5	5.975839787305042E-9	2.555646141631241E-5	6.9983464377020466E-9	1.1775924916853462E-9	5.948999335776378E-9	2.0340131875285697E-9	1.3443338642491058E-6	1.600618532511736E-4
0.0011119935410346302	6.145817647222111E-10	3.6219404504673258E-9	6.109679860901163E-9	1.255790927597968E-9	2.805126223428803E-9	7.400911216470977E-9	5.975839787305042E-9	1.3341063568331064E-4	6.9983464377020466E-9	1.1775924916853462E-9	5.948999335776378E-9	5.384053247519999E-4	3.3524535268057504E-9	1.0544662841218541E-4
0.0026241999147184666	2.458941640653566E-6	3.6219404504673258E-9	6.109679860901163E-9	4.7908549466955247E-4	2.805126223428803E-9	1.998986119568811E-5	9.567319499475374E-6	3.318589977446099E-9	1.0504518002990772E-5	6.24241779842402E-6	5.948999335776378E-9	2.0340131875285697E-9	3.3524535268057504E-9	4.391690119837236E-5
0.001255602138016541	4.179770581875758E-6	3.6219404504673258E-9	6.109679860901163E-9	1.255790927597968E-9	2.805126223428803E-9	7.400911216470977E-9	5.975839787305042E-9	2.721575640503546E-5	6.9983464377020466E-9	1.1775924916853462E-9	9.340523857102489E-5	2.2394688596008303E-4	3.3524535268057504E-9	6.349241805682921E-5
0.005122832552917394	1.1800584464431173E-5	3.6219404504673258E-9	6.109679860901163E-9	1.255790927597968E-9	1.6858808602807104E-6	7.400911216470977E-9	5.975839787305042E-9	3.6175949344139926E-5	5.801699180319373E-4	1.272989259436776E-4	5.948999335776378E-9	2.0340131875285697E-9	2.014824569610256E-6	1.247885472174387E-4
0.001211656337847213	6.729731781884683E-5	3.6219404504673258E-9	4.705064460879986E-5	5.526735872358657E-6	2.833457998285434E-5	6.809578410274946E-5	5.975839787305042E-9	1.3141948169684297E-4	6.9983464377020466E-9	3.0147545379636544E-5	5.948999335776378E-9	4.6802643445032385E-6	3.691051333013131E-6	3.3685306468057204E-5
0.002508842189273981	6.145817647222111E-10	3.6219404504673258E-9	6.109679860901163E-9	1.382625811285363E-6	2.805126223428803E-9	7.400911216470977E-9	5.975839787305042E-9	3.318589977446099E-9	6.9983464377020466E-9	1.1775924916853462E-9	5.948999335776378E-9	9.907698576583537E-4	6.037768801777157E-6	6.830453795282217E-5
0.0018418077224181112	2.501409240595871E-5	8.185947612101202E-5	6.109679860901163E-9	1.255790927597968E-9	2.805126223428803E-9	7.400911216470977E-9	5.975839787305042E-9	3.318589977446099E-9	6.9983464377020466E-9	1.1775924916853462E-9	5.948999335776378E-9	2.0340131875285697E-9	3.3524535268057504E-9	1.5763243349785675E-4
0.003351659856807162	4.917268699542411E-6	3.6219404504673258E-9	6.109679860901163E-9	1.7593630895647534E-6	2.805126223428803E-9	7.400911216470977E-9	5.975839787305042E-9	1.9480455026606346E-4	6.9983464377020466E-9	8.833121280131783E-6	5.948999335776378E-9	6.026801414779027E-4	3.3524535268057504E-9	7.395761084034789E-5
0.0019712908836313093	2.464472876536066E-7	3.6219404504673258E-9	3.671917596401599E-6	1.255790927597968E-9	2.805126223428803E-9	7.400911216470977E-9	5.975839787305042E-9	3.318589977446099E-9	6.9983464377020466E-9	1.1775924916853462E-9	5.948999335776378E-9	2.0340131875285697E-9	3.3524535268057504E-9	4.443081691542015E-5
0.0028988611657767656	5.101643228959074E-6	3.6219404504673258E-9	6.109679860901163E-9	1.3438218716225858E-5	1.122331001993864E-5	7.400911216470977E-9	5.975839787305042E-9	7.666274706898232E-5	6.9983464377020466E-9	1.1775924916853462E-9	5.948999335776378E-9	2.0340131875285697E-9	3.3524535268057504E-9	1.5389486464660007E-4
9.181611724306306E-4	6.145817647222111E-10	3.6219404504673258E-9	6.109679860901163E-9	1.255790927597968E-9	1.4308948865710323E-5	7.400911216470977E-9	3.526343058488705E-5	3.318589977446099E-9	6.9983464377020466E-9	1.1775924916853462E-9	1.0714147803733256E-5	2.0340131875285697E-9	3.3524535268057504E-9	6.0922839471590234E-5
0.0013827310599349538	6.145817647222111E-10	3.6219404504673258E-9	7.3377255129422965E-6	1.255790927597968E-9	2.805126223428803E-9	7.400911216470977E-9	5.975839787305042E-9	3.318589977446099E-9	6.9983464377020466E-9	1.1775924916853462E-9	5.948999335776378E-9	2.0340131875285697E-9	3.3524535268057504E-9	5.526976658406451E-5
9.54259508284007E-4	6.145817647222111E-10	3.6219404504673258E-9	6.109679860901163E-9	1.255790927597968E-9	2.805126223428803E-9	7.400911216470977E-9	5.975839787305042E-9	1.593255048171872E-5	6.9983464377020466E-9	1.1775924916853462E-9	5.948999335776378E-9	2.0340131875285697E-9	6.037768801777157E-6	8.012459944492142E-5
0.001027240926422355	4.92279993542491E-7	3.6219404504673258E-9	6.109679860901163E-9	1.255790927597968E-9	2.805126223428803E-9	7.400911216470977E-9	5.975839787305042E-9	3.318589977446099E-9	6.9983464377020466E-9	1.1787700841770315E-6	5.948999335776378E-9	2.0340131875285697E-9	3.3524535268057504E-9	2.695768253579519E-5
0.0014572819709364922	6.145817647222111E-10	3.6219404504673258E-9	6.109679860901163E-9	7.547303474863788E-7	2.805126223428803E-9	7.400911216470977E-9	5.975839787305042E-9	4.483448245429454E-4	6.9983464377020466E-9	3.7694735658847926E-6	5.948999335776378E-9	1.8326458819632411E-6	3.3524535268057504E-9	6.153019440991945E-5
8.37332289976331E-4	1.9058180524035766E-6	3.6219404504673258E-9	6.109679860901163E-9	7.949282150787898E-5	5.44222538607422E-5	7.400911216470977E-9	5.975839787305042E-9	0.0010327485195712036	6.9983464377020466E-9	5.889140050918415E-6	5.948999335776378E-9	2.0340131875285697E-9	2.212954573044476E-5	1.5548333140838418E-4
0.004215665677993412	6.145817647222111E-10	2.897914554418907E-5	3.061010707110092E-4	1.255790927597968E-9	2.805126223428803E-9	7.400911216470977E-9	5.975839787305042E-9	3.318589977446099E-9	6.9983464377020466E-9	8.973372545891506E-5	5.948999335776378E-9	2.0340131875285697E-9	5.297211817705766E-5	3.293779269780587E-5
0.0014486497601889456	2.5203998171257875E-6	3.6219404504673258E-9	6.109679860901163E-9	1.2708729766384196E-4	3.59084207861121E-5	7.400911216470977E-9	2.9885174776312515E-5	1.1880883978254779E-4	6.9983464377020466E-9	5.300343805075743E-6	5.948999335776378E-9	2.0340131875285697E-9	1.3077921208069232E-5	5.5223046973423804E-5
0.0013788073277769782	6.145817647222111E-10	3.6219404504673258E-9	6.109679860901163E-9	4.898840408559673E-6	3.368956594337992E-6	7.400911216470977E-9	1.3750407350588902E-5	2.263311550518014E-4	6.9983464377020466E-9	1.1775924916853462E-9	5.948999335776378E-9	2.0340131875285697E-9	3.3524535268057504E-9	9.699037888621718E-5
0.002140011366424265	6.145817647222111E-10	3.6219404504673258E-9	6.109679860901163E-9	1.255790927597968E-9	2.805126223428803E-9	7.400911216470977E-9	5.975839787305042E-9	9.627229524571134E-6	6.9983464377020466E-9	1.2965293333455661E-6	5.948999335776378E-9	2.0340131875285697E-9	3.3524535268057504E-9	6.045564336518315E-5
0.002096065566254937	1.2476624405625605E-5	3.6219404504673258E-9	6.109679860901163E-9	1.9717173354215695E-5	9.56576093451456E-5	7.400911216470977E-9	5.975839787305042E-9	5.4096335222348854E-5	6.9983464377020466E-9	8.833121280131783E-6	5.948999335776378E-9	2.0340131875285697E-9	1.1532775377564462E-4	1.8384213506729421E-4
0.001421968381514711	6.145817647222111E-10	3.6219404504673258E-9	3.483128488699753E-5	1.255790927597968E-9	7.658275102582975E-5	7.400911216470977E-9	5.975839787305042E-9	2.85431923960139E-5	6.9983464377020466E-9	1.1775924916853462E-9	2.385548733646327E-6	4.619264289009257E-4	9.588352332017127E-5	2.391114344552523E-4
9.950663227269543E-4	3.995396052459094E-6	3.6219404504673258E-9	6.109679860901163E-9	2.2856650673210617E-5	3.899405963188379E-5	7.400911216470977E-9	5.975839787305042E-9	8.728223499680985E-5	6.9983464377020466E-9	1.0481750768491267E-5	7.739648135845066E-6	2.0340131875285697E-9	4.3250002949320985E-5	9.965339669273755E-5
0.001735082207721172	6.145817647222111E-10	3.6219404504673258E-9	6.109679860901163E-9	7.258597140609015E-5	2.2724327535996732E-5	7.400911216470977E-9	5.975839787305042E-9	8.794595299229906E-5	6.9983464377020466E-9	1.1775924916853462E-9	5.948999335776378E-9	2.0340131875285697E-9	5.5318835645821686E-5	3.20034004849917E-5
0.0027560373152264502	6.766545229591544E-7	3.6219404504673258E-9	6.109679860901163E-9	1.255790927597968E-9	2.805126223428803E-9	7.400911216470977E-9	5.975839787305042E-9	1.327469176878214E-4	6.9983464377020466E-9	1.1775924916853462E-9	5.948999335776378E-9	2.0340131875285697E-9	3.3524535268057504E-9	3.877265159033459E-4
0.0016636702824460144	3.1964397583202196E-6	3.6219404504673258E-9	6.109679860901163E-9	1.255790927597968E-9	2.805126223428803E-9	7.400911216470977E-9	5.975839787305042E-9	3.318589977446099E-9	6.9983464377020466E-9	1.1306065512671009E-5	5.948999335776378E-9	2.0340131875285697E-9	3.3524535268057504E-9	4.7654470049629036E-5
9.126679474094645E-4	6.145817647222111E-10	3.6219404504673258E-9	8.706354898582766E-4	6.31675394491054E-5	2.805126223428803E-9	7.400911216470977E-9	5.975839787305042E-9	0.001171133721630706	6.9983464377020466E-9	1.1775924916853462E-9	5.948999335776378E-9	0.001792374454863363	3.3524535268057504E-9	2.1649914290514943E-4
0.002448416714041155	1.10016281702923E-5	3.6219404504673258E-9	1.039256544339288E-5	1.5447484200382605E-5	2.805126223428803E-9	7.400911216470977E-9	5.975839787305042E-9	5.6087489208816516E-5	6.9983464377020466E-9	1.1775924916853462E-9	5.948999335776378E-9	2.0340131875285697E-9	3.3524535268057504E-9	1.1408975638071647E-4
0.0014910260674950832	6.145817647222111E-10	3.6219404504673258E-9	6.109679860901163E-9	1.255790927597968E-9	2.805126223428803E-9	7.400911216470977E-9	5.975839787305042E-9	3.318589977446099E-9	6.9983464377020466E-9	1.1775924916853462E-9	5.948999335776378E-9	2.0340131875285697E-9	3.3524535268057504E-9	7.909676801082582E-5
9.032509902303228E-4	6.145817647222111E-10	3.6219404504673258E-9	6.109679860901163E-9	1.255790927597968E-9	2.805126223428803E-9	7.400911216470977E-9	5.975839787305042E-9	3.318589977446099E-9	6.9983464377020466E-9	1.1775924916853462E-9	5.948999335776378E-9	2.0340131875285697E-9	7.043504859818882E-6	3.1816522042428866E-5
8.930492866195861E-4	6.145817647222111E-10	3.6219404504673258E-9	6.109679860901163E-9	5.903473150638048E-6	2.805126223428803E-9	7.400911216470977E-9	5.975839787305042E-9	3.318589977446099E-9	6.9983464377020466E-9	1.1775924916853462E-9	5.948999335776378E-9	2.0340131875285697E-9	3.3524535268057504E-9	1.9669423275844666E-5
0.001595397342897237	1.2912362876813654E-6	3.6219404504673258E-9	6.171387627496265E-5	9.545266840672157E-6	2.805126223428803E-9	7.400911216470977E-9	5.975839787305042E-9	4.414056529001056E-5	6.9983464377020466E-9	2.1668879439502053E-5	5.948999335776378E-9	2.0543533194038553E-7	3.3524535268057504E-9	9.124386677741003E-5
9.691696904843147E-4	3.079054641258277E-7	3.6219404504673258E-9	6.109679860901163E-9	1.255790927597968E-9	2.805126223428803E-9	7.400911216470977E-9	5.975839787305042E-9	3.318589977446099E-9	6.9983464377020466E-9	4.722145891658238E-7	5.948999335776378E-9	2.0340131875285697E-9	3.3524535268057504E-9	5.1578917343448545E-5
0.0012979784453226787	2.101931093526434E-5	3.6219404504673258E-9	6.109679860901163E-9	1.1931269603108296E-5	1.6858808602807104E-6	3.923223035851265E-5	5.975839787305042E-9	7.068928510957935E-5	6.9983464377020466E-9	1.0952787765165404E-5	5.948999335776378E-9	2.0340131875285697E-9	3.3524535268057504E-9	1.0558678724410754E-4
0.003046393494916652	6.145817647222111E-10	3.6219404504673258E-9	1.606906900215615E-4	1.255790927597968E-9	2.805126223428803E-9	7.400911216470977E-9	5.975839787305042E-9	1.593255048171872E-5	6.9983464377020466E-9	5.182584555907208E-6	5.948999335776378E-9	2.0340131875285697E-9	3.3524535268057504E-9	1.1334224261046514E-4
0.0018928162404717953	4.364145111292421E-6	3.6219404504673258E-9	6.109679860901163E-9	1.255790927597968E-9	2.805126223428803E-9	7.400911216470977E-9	5.975839787305042E-9	3.020248738473695E-5	6.9983464377020466E-9	1.1775924916853462E-9	5.948999335776378E-9	2.0340131875285697E-9	3.3524535268057504E-9	9.834524759479773E-5
0.0010397968693278774	6.145817647222111E-10	3.6219404504673258E-9	6.109679860901163E-9	1.255790927597968E-9	2.805126223428803E-9	7.400911216470977E-9	5.975839787305042E-9	3.551223134865071E-5	6.9983464377020466E-9	1.8853255791882392E-6	5.948999335776378E-9	2.0340131875285697E-9	3.3524535268057504E-9	5.055108590935296E-5
0.0021164689734764104	6.145817647222111E-10	3.6219404504673258E-9	2.4499816242213662E-6	7.986955878615837E-5	2.805126223428803E-9	7.400911216470977E-9	5.975839787305042E-9	3.318589977446099E-9	6.9983464377020466E-9	1.1775924916853462E-9	5.948999335776378E-9	2.0340131875285697E-9	3.3524535268057504E-9	9.404704341585254E-5
0.002004250233758305	6.145817647222111E-10	3.6219404504673258E-9	6.109679860901163E-9	1.255790927597968E-9	3.731098389782651E-5	7.400911216470977E-9	5.975839787305042E-9	3.35177587722056E-7	6.9983464377020466E-9	1.1775924916853462E-9	5.948999335776378E-9	2.0340131875285697E-9	9.755975008357414E-5	5.2700187998825546E-5
0.0013434937383551967	6.145817647222111E-10	3.6219404504673258E-9	6.109679860901163E-9	1.808464514833834E-5	2.805126223428803E-9	7.400911216470977E-9	5.975839787305042E-9	3.318589977446099E-9	6.9983464377020466E-9	1.1775924916853462E-9	5.948999335776378E-9	2.0340131875285697E-9	3.3524535268057504E-9	5.19059546179335E-5
0.003133500348823713	1.382870428801447E-5	2.1767862107308626E-6	6.109679860901163E-9	1.255790927597968E-9	2.805126223428803E-9	7.400911216470977E-9	5.975839787305042E-9	8.363178602161914E-5	6.9983464377020466E-9	1.4956602236895582E-5	5.948999335776378E-9	2.0340131875285697E-9	1.3443338642491058E-6	1.4861554864420003E-4
0.001985416319400022	6.145817647222111E-10	3.6219404504673258E-9	6.109679860901163E-9	1.255790927597968E-9	2.805126223428803E-9	7.400911216470977E-9	5.975839787305042E-9	1.2613960504272622E-5	6.9983464377020466E-9	1.1775924916853462E-9	5.948999335776378E-9	1.8428362880327593E-4	3.3524535268057504E-9	1.159118211957041E-4
0.0020819401304862243	6.145817647222111E-10	3.6219404504673258E-9	6.109679860901163E-9	1.255790927597968E-9	2.805126223428803E-9	7.400911216470977E-9	5.975839787305042E-9	3.318589977446099E-9	6.9983464377020466E-9	4.358269811727466E-6	5.948999335776378E-9	2.0340131875285697E-9	3.3524535268057504E-9	6.765046340385226E-5
0.0017138940540681034	6.145817647222111E-10	3.6219404504673258E-9	6.109679860901163E-9	1.255790927597968E-9	2.805126223428803E-9	7.400911216470977E-9	5.975839787305042E-9	3.318589977446099E-9	6.9983464377020466E-9	1.5320478316826352E-6	5.948999335776378E-9	2.0340131875285697E-9	3.3524535268057504E-9	1.0469911464193407E-4
0.0025347388215166203	5.6547668172090645E-6	3.6255623909177926E-6	6.109679860901163E-9	3.830287908266562E-5	2.8079313496522314E-6	8.148403249334546E-6	5.975839787305042E-9	1.9546826826155267E-4	6.9983464377020466E-9	4.039260005729906E-5	5.948999335776378E-9	2.0340131875285697E-9	3.3524535268057504E-9	2.9022268849618734E-4
8.98542511640752E-4	6.145817647222111E-10	3.6219404504673258E-9	6.109679860901163E-9	1.1314676257657693E-6	3.899405963188379E-5	7.400911216470977E-9	5.975839787305042E-9	1.3609537497506452E-5	6.9983464377020466E-9	1.1775924916853462E-9	5.948999335776378E-9	2.292353202476573E-4	1.9782828261680732E-5	7.44715265573957E-5
0.002509626935705576	1.4756108170980289E-6	3.6219404504673258E-9	6.537968419150335E-5	6.908105892716422E-6	3.001765571691162E-5	7.400911216470977E-9	5.975839787305042E-9	3.4613225323760555E-4	6.9983464377020466E-9	1.0599510017659802E-5	3.5753486008016028E-6	2.0340131875285697E-9	3.3524535268057504E-9	1.9939976541065012E-4
0.0015051515032637958	9.526631934958993E-6	3.6219404504673258E-9	6.109679860901163E-9	2.474033706460757E-5	2.805126223428803E-9	7.400911216470977E-9	5.975839787305042E-9	4.745915526745666E-5	6.9983464377020466E-9	2.1208440775253084E-6	5.948999335776378E-9	2.0340131875285697E-9	5.032032743735431E-6	1.7398429722210472E-4
0.0017146788004996985	6.145817647222111E-10	3.6219404504673258E-9	9.959389141254986E-5	2.5744969806685942E-5	2.805126223428803E-9	7.400911216470977E-9	5.975839787305042E-9	1.8484878033372517E-4	6.9983464377020466E-9	1.5320478316826352E-6	5.948999335776378E-9	0.0014771024107964347	3.3524535268057504E-9	1.2184521174707408E-4
0.0015804871606969293	6.145817647222111E-10	3.6219404504673258E-9	6.109679860901163E-9	1.255790927597968E-9	2.805126223428803E-9	7.400911216470977E-9	5.975839787305042E-9	3.318589977446099E-9	6.9983464377020466E-9	1.1775924916853462E-9	5.948999335776378E-9	2.0340131875285697E-9	3.3524535268057504E-9	8.993571767947019E-5
0.0026061507467917784	1.4141526406258077E-6	3.6219404504673258E-9	5.315482575782621E-4	3.214950353743558E-5	8.137671174166958E-6	7.400911216470977E-9	5.975839787305042E-9	3.9159693592861713E-4	6.9983464377020466E-9	2.6261490157074903E-5	1.1957488664910517E-6	2.583400149480036E-5	5.367278096416007E-6	8.549735466860289E-5
0.0010241019406959746	1.044850458204231E-5	3.6219404504673258E-9	6.109679860901163E-9	1.255790927597968E-9	2.805126223428803E-9	7.400911216470977E-9	5.975839787305042E-9	1.8518063933146978E-4	6.9983464377020466E-9	5.899738383343583E-7	5.948999335776378E-9	2.0340131875285697E-9	3.3524535268057504E-9	5.914749426724331E-5
0.0026234151682868715	6.145817647222111E-10	3.6219404504673258E-9	6.109679860901163E-9	1.532190510762281E-5	2.805126223428803E-9	7.400911216470977E-9	5.975839787305042E-9	3.318589977446099E-9	6.9983464377020466E-9	1.6498070808511698E-6	5.948999335776378E-9	2.0340131875285697E-9	3.3524535268057504E-9	1.2614762069097691E-5
9.81725633389837E-4	6.145817647222111E-10	3.6219404504673258E-9	6.109679860901163E-9	2.136100367844144E-6	2.805126223428803E-9	7.400911216470977E-9	5.975839787305042E-9	1.0290947520060354E-5	6.9983464377020466E-9	1.1775924916853462E-9	5.948999335776378E-9	2.0340131875285697E-9	3.3524535268057504E-9	9.147746483061357E-5
8.961882723459665E-4	7.437053934903476E-6	3.6219404504673258E-9	6.109679860901163E-9	1.255790927597968E-9	2.805126223428803E-9	7.400911216470977E-9	5.975839787305042E-9	1.3609537497506452E-5	6.9983464377020466E-9	1.3072454250199028E-5	5.948999335776378E-9	2.0340131875285697E-9	3.3524535268057504E-9	1.4417718563333273E-4
0.0017821669936168806	6.145817647222111E-10	3.6219404504673258E-9	6.109679860901163E-9	1.996833153973529E-5	2.805126223428803E-9	7.400911216470977E-9	5.975839787305042E-9	9.591056893816971E-5	2.1002037659543842E-5	1.1775924916853462E-9	5.948999335776378E-9	2.0340131875285697E-9	4.696787391054857E-6	8.568423311116572E-5
0.0025284608500638593	6.766545229591544E-7	3.6219404504673258E-9	6.109679860901163E-9	1.255790927597968E-9	2.805126223428803E-9	7.400911216470977E-9	5.975839787305042E-9	3.318589977446099E-9	6.9983464377020466E-9	1.6498070808511698E-6	5.948999335776378E-9	2.0340131875285697E-9	3.3524535268057504E-9	5.447553320317247E-5
9.856493655478126E-4	6.145817647222111E-10	3.6219404504673258E-9	6.109679860901163E-9	1.255790927597968E-9	5.3325449507381545E-6	7.400911216470977E-9	5.975839787305042E-9	3.318589977446099E-9	6.9983464377020466E-9	1.1775924916853462E-9	5.948999335776378E-9	2.0340131875285697E-9	3.3524535268057504E-9	9.624286511596585E-5
0.001004483279906096	6.145817647222111E-10	3.6219404504673258E-9	6.109679860901163E-9	1.0058885330059724E-6	2.805126223428803E-9	3.707856519451959E-6	6.633779747887327E-5	3.020248738473695E-5	6.9983464377020466E-9	1.1775924916853462E-9	5.948999335776378E-9	2.0340131875285697E-9	3.3524535268057504E-9	5.615743918623797E-5
0.001345063231218387	1.3526944641535866E-6	3.6219404504673258E-9	6.109679860901163E-9	1.1314676257657693E-6	2.805126223428803E-9	7.400911216470977E-9	2.013917766719672E-4	5.741492519979495E-5	6.9983464377020466E-9	1.1775924916853462E-9	5.948999335776378E-9	2.0340131875285697E-9	3.3524535268057504E-9	6.503416520797257E-5
0.0023958387031242805	8.610290523758176E-7	3.6219404504673258E-9	6.109679860901163E-9	1.255790927597968E-9	2.805126223428803E-9	7.400911216470977E-9	5.975839787305042E-9	7.765832406221616E-5	7.705179427909953E-6	2.945158821705051E-6	5.948999335776378E-9	2.0340131875285697E-9	3.3524535268057504E-9	2.3406524930994937E-7
0.002559850707327665	6.145817647222111E-10	3.6219404504673258E-9	1.0203776335691032E-4	1.255790927597968E-9	2.805126223428803E-9	7.400911216470977E-9	5.975839787305042E-9	0.002113613275225398	6.9983464377020466E-9	2.2257675685344726E-5	5.948999335776378E-9	2.0340131875285697E-9	3.3524535268057504E-9	7.890988956826299E-5
0.0010303799121487356	4.5664039700625005E-5	3.6219404504673258E-9	6.109679860901163E-9	1.255790927597968E-9	2.805126223428803E-9	7.400911216470977E-9	5.975839787305042E-9	1.091849288479541E-4	7.705179427909953E-6	1.083502851599687E-5	5.948999335776378E-9	2.0340131875285697E-9	3.3524535268057504E-9	7.222898524664168E-5
0.0016628855360144193	1.598527170042471E-6	3.6219404504673258E-9	3.3609348914817296E-5	3.7686285737215027E-6	2.805126223428803E-9	7.400911216470977E-9	5.975839787305042E-9	6.206095116821949E-5	6.9983464377020466E-9	1.7311787220266273E-5	5.948999335776378E-9	2.0340131875285697E-9	3.3524535268057504E-9	2.2808560634404512E-4
0.0027238627115310494	6.145817647222111E-10	3.6219404504673258E-9	8.798549967683765E-5	1.758232877729915E-5	2.805126223428803E-9	7.400911216470977E-9	4.4824774244575126E-5	3.318589977446099E-9	6.9983464377020466E-9	1.1775924916853462E-9	5.948999335776378E-9	2.0340131875285697E-9	3.3524535268057504E-9	6.615543586334958E-5
0.002359740367270904	1.4197453346847797E-5	3.6219404504673258E-9	1.650224530429404E-5	3.1407331099225184E-6	2.805126223428803E-9	9.62858549262874E-6	2.2714167031546465E-5	8.230435003064069E-5	6.9983464377020466E-9	1.1775924916853462E-9	5.948999335776378E-9	2.0340131875285697E-9	3.3524535268057504E-9	3.3171390751009415E-5
0.0017154635469312936	6.145817647222111E-10	3.6219404504673258E-9	6.109679860901163E-9	6.6569477071968285E-6	2.805126223428803E-9	7.400911216470977E-9	5.975839787305042E-9	3.318589977446099E-9	6.9983464377020466E-9	1.1775924916853462E-9	5.948999335776378E-9	2.0340131875285697E-9	3.3524535268057504E-9	1.1077266402522618E-4
0.0021274554235187425	1.5242242346875555E-5	3.6219404504673258E-9	3.94691428694076E-4	1.6337839968049565E-6	2.805126223428803E-9	7.400911216470977E-9	5.975839787305042E-9	1.3506993067203366E-4	6.9983464377020466E-9	1.1775924916853462E-9	5.948999335776378E-9	2.0340131875285697E-9	3.3524535268057504E-9	1.7206879318583566E-4
9.354255939257236E-4	6.145817647222111E-10	3.6219404504673258E-9	6.109679860901163E-9	1.255790927597968E-9	2.805126223428803E-9	7.400911216470977E-9	5.975839787305042E-9	3.318589977446099E-9	4.905840852829134E-6	1.8853255791882392E-6	5.948999335776378E-9	2.0340131875285697E-9	3.3524535268057504E-9	5.709183139905214E-5
9.118832009778694E-4	6.145817647222111E-10	3.6219404504673258E-9	6.115789540762064E-6	1.255790927597968E-9	2.805126223428803E-9	7.400911216470977E-9	5.975839787305042E-9	9.988955832112757E-7	6.9983464377020466E-9	1.4142885825141005E-6	5.948999335776378E-9	2.0340131875285697E-9	7.043504859818882E-6	5.433537437125034E-5
0.0016518990859720872	2.101931093526434E-5	3.6219404504673258E-9	6.109679860901163E-9	1.255790927597968E-9	2.805126223428803E-9	7.400911216470977E-9	1.0816867599000856E-4	3.318589977446099E-9	6.9983464377020466E-9	4.829306808401604E-6	5.948999335776378E-9	2.0340131875285697E-9	3.3524535268057504E-9	9.29766971360739E-6
0.001098652851697513	6.145817647222111E-10	3.6219404504673258E-9	6.109679860901163E-9	1.255790927597968E-9	2.805126223428803E-9	7.400911216470977E-9	5.975839787305042E-9	3.318589977446099E-9	6.9983464377020466E-9	3.8872328150533274E-6	5.948999335776378E-9	2.0340131875285697E-9	3.3524535268057504E-9	8.568423311116572E-5
0.0019446095049570748	1.4756108170980289E-6	3.6219404504673258E-9	4.282885582491715E-6	1.255790927597968E-9	2.805126223428803E-9	7.400911216470977E-9	5.975839787305042E-9	3.318589977446099E-9	6.9983464377020466E-9	3.2984365692106546E-6	5.948999335776378E-9	2.0340131875285697E-9	3.3524535268057504E-9	1.3894458924157337E-4
0.0028651170692181745	8.610290523758176E-7	3.6219404504673258E-9	6.109679860901163E-9	5.777894057878251E-6	2.805126223428803E-9	7.400911216470977E-9	1.4347991329319408E-5	4.779101426520127E-5	3.849790375379896E-5	9.06863977846885E-6	5.948999335776378E-9	3.053053794480383E-6	3.3524535268057504E-9	3.026033853159751E-4
9.008967509355375E-4	6.145817647222111E-10	3.6219404504673258E-9	6.109679860901163E-9	1.255790927597968E-9	2.805126223428803E-9	7.400911216470977E-9	5.975839787305042E-9	2.655203840954624E-5	6.9983464377020466E-9	1.1775924916853462E-9	5.948999335776378E-9	2.0340131875285697E-9	3.3524535268057504E-9	4.237515404722898E-5
0.0019759993622208804	6.145817647222111E-10	3.6219404504673258E-9	6.109679860901163E-9	1.255790927597968E-9	2.805126223428803E-9	7.400911216470977E-9	5.975839787305042E-9	3.318589977446099E-9	6.9983464377020466E-9	1.1775924916853462E-9	5.948999335776378E-9	2.0340131875285697E-9	3.3524535268057504E-9	1.478680348739487E-4
0.0023369827207546452	4.487061464236863E-6	3.6219404504673258E-9	6.109679860901163E-9	1.255790927597968E-9	2.805126223428803E-9	7.400911216470977E-9	5.975839787305042E-9	7.898576005319459E-5	6.9983464377020466E-9	1.1775924916853462E-9	5.948999335776378E-9	2.0340131875285697E-9	3.3524535268057504E-9	1.6291174950025682E-4
9.401340725152945E-4	6.145817647222111E-10	3.6219404504673258E-9	6.109679860901163E-9	1.255790927597968E-9	2.805126223428803E-9	7.400911216470977E-9	5.975839787305042E-9	1.0290947520060354E-5	6.9983464377020466E-9	1.1775924916853462E-9	5.948999335776378E-9	2.0340131875285697E-9	3.3524535268057504E-9	5.19059546179335E-5
9.98205308453335E-4	2.427659428829206E-5	3.6219404504673258E-9	6.109679860901163E-9	1.257046718525566E-6	6.928942284491485E-5	1.4069132222511328E-5	5.384231648361843E-6	3.1261449446539995E-4	4.905840852829134E-6	2.4259582921209813E-5	5.948999335776378E-9	2.0340131875285697E-9	3.3524535268057504E-9	5.218627228177776E-5
0.002198082602362305	6.145817647222111E-10	3.6219404504673258E-9	6.109679860901163E-9	1.255790927597968E-9	2.805126223428803E-9	7.400911216470977E-9	5.975839787305042E-9	3.318589977446099E-9	4.905840852829134E-6	4.240510562558931E-6	5.948999335776378E-9	2.0340131875285697E-9	2.350069922290831E-6	1.483819505909965E-4
0.0024955014999368634	5.7162249936812855E-6	3.6219404504673258E-9	2.407274961993667E-4	4.145365852000892E-6	6.174082817766796E-6	7.400911216470977E-9	5.975839787305042E-9	2.323344843210014E-5	6.9983464377020466E-9	8.362084283457643E-6	5.948999335776378E-9	2.0340131875285697E-9	7.713995565180033E-6	1.6805090667073474E-4
0.0012069478592576423	6.145817647222111E-10	3.6219404504673258E-9	6.109679860901163E-9	3.54145599491903E-5	2.805126223428803E-9	7.400911216470977E-9	5.975839787305042E-9	3.318589977446099E-9	3.779806911002875E-5	1.1775924916853462E-9	5.948999335776378E-9	2.0340131875285697E-9	3.3524535268057504E-9	8.1152430879017E-5
8.891255544616104E-4	6.145817647222111E-10	3.6219404504673258E-9	6.109679860901163E-9	1.255790927597968E-9	2.805126223428803E-9	7.400911216470977E-9	5.975839787305042E-9	3.318589977446099E-9	6.9983464377020466E-9	2.003084828356774E-6	5.948999335776378E-9	2.0340131875285697E-9	3.3524535268057504E-9	3.564753011496696E-5
0.0023205030456911473	3.6266469936257674E-6	3.6219404504673258E-9	6.109679860901163E-9	4.081446093786156E-5	2.4968428514739777E-5	7.400911216470977E-9	1.7689083354401655E-4	8.097691403966226E-5	6.9983464377020466E-9	1.7311787220266273E-5	5.948999335776378E-9	2.0340131875285697E-9	9.725467681263483E-6	2.1584506835617949E-4
0.0020882181019389857	2.3360252877091242E-6	3.6219404504673258E-9	6.109679860901163E-9	3.894207666481299E-6	2.805126223428803E-9	7.400911216470977E-9	5.975839787305042E-9	8.299793533592693E-6	6.9983464377020466E-9	4.358269811727466E-6	5.948999335776378E-9	2.0340131875285697E-9	3.3524535268057504E-9	1.2334444405253439E-5
0.0019171433798512447	3.995396052459094E-6	3.6219404504673258E-9	6.293581224714288E-5	2.1109971072014603E-4	2.805126223428803E-9	7.400911216470977E-9	5.975839787305042E-9	1.3609537497506452E-5	6.9983464377020466E-9	3.4161958183791894E-6	5.948999335776378E-9	6.063413652154542E-4	3.3524535268057504E-9	1.0558678724410754E-4
0.002124316437792362	4.92279993542491E-7	3.6219404504673258E-9	6.109679860901163E-9	8.803094402461756E-7	1.094279739759576E-5	7.400911216470977E-9	5.975839787305042E-9	3.318589977446099E-9	6.9983464377020466E-9	4.7115475592330695E-6	5.948999335776378E-9	2.0340131875285697E-9	3.385978062073808E-7	1.1820528688205647E-5
0.0021007740448445076	2.7047743465424507E-6	3.6219404504673258E-9	6.109679860901163E-9	2.136100367844144E-6	2.805126223428803E-9	7.400911216470977E-9	5.975839787305042E-9	2.489274342082319E-5	6.9983464377020466E-9	1.1775924916853462E-9	5.948999335776378E-9	2.0340131875285697E-9	3.3524535268057504E-9	8.970211962626665E-5
0.0012069478592576423	6.822472170181265E-6	1.7388936102693628E-5	9.348421155164869E-5	8.540634098593782E-6	2.805126223428803E-9	7.400911216470977E-9	5.975839787305042E-9	1.529903165502426E-4	9.804683359220567E-6	1.3072454250199028E-5	5.948999335776378E-9	0.0012311902164242306	3.3524535268057504E-9	1.595012179234851E-4
0.0012571716308797313	7.314137581959034E-6	3.6219404504673258E-9	6.109679860901163E-9	1.255790927597968E-9	2.805126223428803E-9	9.62858549262874E-6	5.975839787305042E-9	4.0158257317075244E-5	6.9983464377020466E-9	1.0481750768491267E-5	5.948999335776378E-9	2.0340131875285697E-9	3.3524535268057504E-9	8.624486843885422E-5
9.158069331358451E-4	2.274567111236903E-6	3.6219404504673258E-9	6.109679860901163E-9	3.415876902159233E-5	2.104125180193945E-5	7.400911216470977E-9	5.975839787305042E-9	3.318589977446099E-9	6.9983464377020466E-9	1.1775924916853462E-9	5.948999335776378E-9	2.36761169041513E-4	3.587460519034834E-5	2.1229437794748564E-4
9.746629155054806E-4	6.145817647222111E-10	3.6219404504673258E-9	6.171387627496265E-5	1.758232877729915E-5	2.805126223428803E-9	7.400911216470977E-9	5.975839787305042E-9	1.0221588989531729E-4	6.9983464377020466E-9	1.1775924916853462E-9	5.948999335776378E-9	2.0340131875285697E-9	3.3524535268057504E-9	8.470312128771084E-5
0.0036490787543817203	6.145817647222111E-10	3.6219404504673258E-9	6.109679860901163E-9	7.284843170995812E-6	2.805126223428803E-9	7.400911216470977E-9	3.526343058488705E-5	3.318589977446099E-9	6.9983464377020466E-9	1.1775924916853462E-9	5.948999335776378E-9	2.0340131875285697E-9	1.5089393324152683E-5	1.501572957953434E-4
0.0013882242849561199	3.4232818876791876E-5	3.6219404504673258E-9	2.4499816242213662E-6	1.255790927597968E-9	2.583549303040162E-4	7.400911216470977E-9	5.975839787305042E-9	3.318589977446099E-9	6.9983464377020466E-9	1.1775924916853462E-9	5.948999335776378E-9	2.0340131875285697E-9	3.3524535268057504E-9	1.445509425184584E-4
0.0014125514243355692	5.962057699570169E-6	3.6219404504673258E-9	3.9719028775718465E-5	1.0675478675510327E-5	2.805126223428803E-9	7.400911216470977E-9	5.975839787305042E-9	1.3609537497506452E-5	6.9983464377020466E-9	1.0599510017659802E-5	5.948999335776378E-9	2.0340131875285697E-9	2.014824569610256E-6	9.129058638805073E-5
0.0019987570087371394	6.145817647222111E-10	3.6219404504673258E-9	6.109679860901163E-9	1.255790927597968E-9	1.9663934826235905E-6	7.400911216470977E-9	5.975839787305042E-9	3.318589977446099E-9	6.9983464377020466E-9	1.1775924916853462E-9	5.948999335776378E-9	2.0340131875285697E-9	3.3524535268057504E-9	1.595479375341258E-4
9.660307047579341E-4	6.145817647222111E-10	3.6219404504673258E-9	6.109679860901163E-9	1.255790927597968E-9	6.255711990868573E-5	7.400911216470977E-9	2.4262507120437202E-4	2.1242294445632482E-5	6.9983464377020466E-9	1.1775924916853462E-9	5.948999335776378E-9	2.0340131875285697E-9	3.3524535268057504E-9	8.783753996559597E-6
0.0015710702035177876	6.145817647222111E-10	3.6219404504673258E-9	3.0609496103114828E-6	2.0972964281813664E-5	2.805126223428803E-9	7.400911216470977E-9	5.975839787305042E-9	3.318589977446099E-9	6.9983464377020466E-9	1.1775924916853462E-9	5.948999335776378E-9	2.0340131875285697E-9	3.3524535268057504E-9	1.85477321439719E-4
0.0014039192135880227	4.308218170702699E-7	3.6219404504673258E-9	6.109679860901163E-9	1.255790927597968E-9	2.805126223428803E-9	7.400911216470977E-9	5.975839787305042E-9	1.1980441677578162E-4	6.9983464377020466E-9	8.479843532626178E-6	5.948999335776378E-9	2.0340131875285697E-9	3.3524535268057504E-9	1.3095553582201223E-4
0.0025300303429270496	2.5818579935980084E-6	3.6219404504673258E-9	4.282885582491715E-6	1.255790927597968E-9	2.805126223428803E-9	7.400911216470977E-9	5.975839787305042E-9	8.963511529081914E-6	6.9983464377020466E-9	8.008806535952039E-6	5.948999335776378E-9	2.0340131875285697E-9	3.3524535268057504E-9	1.8734563866924092E-7
0.0016001058214868077	6.145817647222111E-10	3.6219404504673258E-9	6.109679860901163E-9	4.019786759241096E-6	2.805126223428803E-9	7.400911216470977E-9	5.975839787305042E-9	3.318589977446099E-9	6.9983464377020466E-9	1.1775924916853462E-9	5.948999335776378E-9	2.0340131875285697E-9	3.3524535268057504E-9	7.068723809549831E-5
0.0019194976191460303	6.145817647222111E-10	3.6219404504673258E-9	6.109679860901163E-9	1.255790927597968E-9	2.805126223428803E-9	7.400911216470977E-9	5.975839787305042E-9	3.318589977446099E-9	6.9983464377020466E-9	9.432515858399622E-7	5.948999335776378E-9	2.0340131875285697E-9	3.3524535268057504E-9	5.461569203509459E-5
0.0022734182597954388	6.145817647222111E-10	3.6219404504673258E-9	6.109679860901163E-9	1.0058885330059724E-6	2.805126223428803E-9	7.400911216470977E-9	5.975839787305042E-9	6.504768214792098E-5	6.9983464377020466E-9	1.1775924916853462E-9	5.948999335776378E-9	2.0340131875285697E-9	3.3524535268057504E-9	1.2189193135771479E-4
9.079594688198937E-4	6.145817647222111E-10	3.6219404504673258E-9	6.109679860901163E-9	6.806512406673747E-5	2.917611784988298E-5	7.400911216470977E-9	5.975839787305042E-9	1.599593555028794E-4	6.9983464377020466E-9	3.533955067547724E-6	5.948999335776378E-9	2.0340131875285697E-9	5.367278096416007E-6	6.162363363120087E-5
0.0013073954025018203	1.8622442052847715E-5	3.6219404504673258E-9	6.109679860901163E-9	1.255790927597968E-9	2.019971393491081E-5	7.400911216470977E-9	5.975839787305042E-9	5.313062553891205E-6	6.9983464377020466E-9	1.1893684166021996E-7	5.948999335776378E-9	2.0340131875285697E-9	3.3524535268057504E-9	6.078268063966811E-5
9.98205308453335E-4	2.397483464181345E-6	3.6219404504673258E-9	6.109679860901163E-9	9.419687747912359E-6	2.805126223428803E-9	7.400911216470977E-9	5.975839787305042E-9	3.318589977446099E-9	6.9983464377020466E-9	1.1775924916853462E-9	5.948999335776378E-9	2.0340131875285697E-9	3.3524535268057504E-9	3.915150091302009E-5
0.0019022331976509372	6.145817647222111E-10	3.6219404504673258E-9	6.109679860901163E-9	1.293590234518667E-5	2.805126223428803E-9	7.400911216470977E-9	5.975839787305042E-9	9.959088522315743E-6	1.1904187290531183E-5	3.050082312714215E-5	5.948999335776378E-9	2.0340131875285697E-9	1.3443338642491058E-6	5.8353260886351274E-5
0.002778794961742709	3.208178270026414E-5	3.6219404504673258E-9	7.026742808022427E-5	7.547303474863788E-7	2.246906104966471E-6	7.400911216470977E-9	5.975839787305042E-9	2.757781457157483E-4	6.9983464377020466E-9	3.320928585801844E-5	5.948999335776378E-9	2.0340131875285697E-9	3.3524535268057504E-9	1.0937107570600492E-4
0.0024444929818831793	6.207890405459054E-6	1.014505520175898E-5	1.5885778606329113E-4	1.7807240932431946E-4	1.5430999355081845E-5	7.400911216470977E-9	5.975839787305042E-9	4.0254828285418926E-4	2.904383755110726E-4	3.485791534637793E-5	5.948999335776378E-9	6.122379694460994E-7	1.0090885115685308E-6	8.69031477527818E-6
9.93496829863764E-4	1.1247460876181183E-5	3.6219404504673258E-9	6.109679860901163E-9	1.255790927597968E-9	2.805126223428803E-9	7.408312127687447E-6	5.975839787305042E-9	6.040165617949645E-5	6.9983464377020466E-9	1.5780916981075322E-5	5.948999335776378E-9	2.0340131875285697E-9	3.3524535268057504E-9	5.611025237949086E-7
9.715239297791001E-4	6.207275823694332E-8	3.6219404504673258E-9	6.293581224714288E-5	1.255790927597968E-9	7.296133307138316E-6	7.400911216470977E-9	5.975839787305042E-9	1.493697348848489E-5	6.9983464377020466E-9	2.3563625758623777E-6	5.948999335776378E-9	2.0340131875285697E-9	3.3524535268057504E-9	1.4469110135038052E-4
0.0014094124386091885	6.145817647222111E-10	3.6219404504673258E-9	4.282885582491715E-6	1.255790927597968E-9	2.805126223428803E-9	7.400911216470977E-9	5.975839787305042E-9	3.318589977446099E-9	6.9983464377020466E-9	1.2719176502693423E-5	5.948999335776378E-9	2.0340131875285697E-9	3.3524535268057504E-9	1.0642774023564028E-4
0.0023369827207546452	1.4756108170980289E-6	3.6219404504673258E-9	6.109679860901163E-9	1.255790927597968E-9	2.805126223428803E-9	7.400911216470977E-9	5.975839787305042E-9	3.318589977446099E-9	6.9983464377020466E-9	1.5320478316826352E-6	5.948999335776378E-9	2.0340131875285697E-9	3.3524535268057504E-9	1.3876191556396819E-5
0.001283853009553966	6.145817647222111E-10	3.6219404504673258E-9	6.109679860901163E-9	4.181909367993993E-5	2.805126223428803E-9	7.400911216470977E-9	5.975839787305042E-9	3.816710333060759E-5	6.9983464377020466E-9	1.1775924916853462E-9	5.948999335776378E-9	7.220767155858297E-4	3.3524535268057504E-9	8.484328011963296E-5
0.003132715602392118	6.145817647222111E-10	3.6219404504673258E-9	6.109679860901163E-9	3.729824634058725E-5	3.1700731450968904E-5	7.400911216470977E-9	5.975839787305042E-9	3.318589977446099E-9	6.9983464377020466E-9	1.1775924916853462E-9	3.6294844947571676E-5	2.0340131875285697E-9	3.3524535268057504E-9	1.9248526303582527E-4
8.797085972824686E-4	6.145817647222111E-10	3.6219404504673258E-9	6.109679860901163E-9	1.0424320489990734E-5	2.805126223428803E-9	7.400911216470977E-9	5.975839787305042E-9	1.0785749285697566E-4	6.9983464377020466E-9	7.302251040940831E-6	5.948999335776378E-9	1.5053731600898943E-5	3.3524535268057504E-9	2.3831673387825384E-6
9.197306652938208E-4	6.145817647222111E-10	3.6219404504673258E-9	6.109679860901163E-9	1.255790927597968E-9	2.805126223428803E-9	7.400911216470977E-9	5.975839787305042E-9	9.959088522315743E-6	3.5061715652887252E-6	1.1775924916853462E-9	5.948999335776378E-9	2.0340131875285697E-9	3.3524535268057504E-9	4.812587092099379E-6
0.002242028402531633	6.145817647222111E-10	3.6219404504673258E-9	6.109679860901163E-9	1.88494218232455E-6	1.122331001993864E-5	7.400911216470977E-9	5.975839787305042E-9	9.591056893816971E-5	6.9983464377020466E-9	1.1775924916853462E-9	5.948999335776378E-9	2.0340131875285697E-9	5.032032743735431E-6	8.877193217841014E-6
9.448425511048653E-4	2.0287344053480187E-6	1.5031415063484447E-4	1.2836437387753344E-5	3.9307511824744E-5	9.259721663538478E-6	7.400911216470977E-9	5.975839787305042E-9	8.197249103289609E-5	1.4627243889441045E-4	4.6987118010736995E-5	5.948999335776378E-9	6.122379694460994E-7	4.1573776185918114E-5	2.292068769994221E-4
0.0013740988491874073	6.145817647222111E-10	3.6219404504673258E-9	3.7886124817448115E-5	1.255790927597968E-9	2.805126223428803E-9	7.400911216470977E-9	5.975839787305042E-9	3.318589977446099E-9	6.9983464377020466E-9	1.1775924916853462E-9	5.948999335776378E-9	2.0340131875285697E-9	3.3524535268057504E-9	7.213554602536026E-5
0.002298530145606483	6.145817647222111E-10	3.6219404504673258E-9	6.109679860901163E-9	4.0411477629195375E-4	8.698696418852718E-6	7.400911216470977E-9	5.975839787305042E-9	1.3941396495251061E-5	6.9983464377020466E-9	1.1775924916853462E-9	5.948999335776378E-9	2.0340131875285697E-9	3.3524535268057504E-9	1.7917017400322335E-4
0.0024578336712202968	3.005366287668084E-5	6.160920706244921E-6	6.109679860901163E-9	2.2616794606039408E-6	2.805126223428803E-9	7.400911216470977E-9	5.975839787305042E-9	2.137205131375062E-4	6.9983464377020466E-9	2.003084828356774E-6	5.948999335776378E-9	2.0340131875285697E-9	3.3524535268057504E-9	7.750830124904173E-5
0.0017649025721217875	6.145817647222111E-10	3.6219404504673258E-9	6.109679860901163E-9	1.255790927597968E-9	2.805126223428803E-9	7.400911216470977E-9	5.975839787305042E-9	3.318589977446099E-9	6.9983464377020466E-9	2.945158821705051E-6	5.948999335776378E-9	2.0340131875285697E-9	3.3524535268057504E-9	2.1211170426988047E-5
0.0015428193319803624	9.8394540532026E-7	3.6219404504673258E-9	1.796306975903551E-4	1.255790927597968E-9	2.805126223428803E-9	7.400911216470977E-9	4.4824774244575126E-5	4.480428328549978E-5	6.9983464377020466E-9	1.1893684166021996E-7	5.948999335776378E-9	2.0340131875285697E-9	3.3524535268057504E-9	1.2520902371320508E-4
0.0013466327240815774	2.224847446470876E-5	4.349950481011258E-6	6.109679860901163E-9	6.291512547265819E-7	1.127688793080613E-4	4.233395224933563E-4	5.975839787305042E-9	2.2569730436610922E-5	6.9983464377020466E-9	1.7665064967771876E-5	1.1957488664910517E-6	2.0340131875285697E-9	3.3524535268057504E-9	1.354915428191186E-5
0.0020152366838006373	1.6901613111625525E-5	3.6219404504673258E-9	6.109679860901163E-9	0.00145709546908285	2.805126223428803E-9	7.400911216470977E-9	5.975839787305042E-9	5.7746784197539566E-5	6.9983464377020466E-9	1.1775924916853462E-9	5.948999335776378E-9	2.0340131875285697E-9	3.3524535268057504E-9	1.2324680006629534E-4
0.0024044709138718273	8.78913381729234E-6	3.6219404504673258E-9	6.109679860901163E-9	1.255790927597968E-9	2.805126223428803E-9	7.400911216470977E-9	5.975839787305042E-9	5.476005321783808E-5	6.9983464377020466E-9	1.1775924916853462E-9	5.948999335776378E-9	2.0340131875285697E-9	3.3524535268057504E-9	2.2383412177574065E-4
9.503357761260312E-4	6.145817647222111E-10	3.6219404504673258E-9	6.115789540762064E-6	1.255790927597968E-9	2.805126223428803E-9	7.400911216470977E-9	5.975839787305042E-9	3.318589977446099E-9	6.9983464377020466E-9	1.1775924916853462E-9	5.948999335776378E-9	2.0340131875285697E-9	3.3524535268057504E-9	8.292777608336392E-5
0.0014156904100619497	1.665578040573664E-5	3.6219404504673258E-9	6.109679860901163E-9	1.255790927597968E-9	2.805126223428803E-9	7.400911216470977E-9	5.975839787305042E-9	1.0954665515549573E-5	6.9983464377020466E-9	1.1775924916853462E-9	5.948999335776378E-9	2.0340131875285697E-9	3.3524535268057504E-9	6.923893016563634E-5
0.0026563745184138674	6.145817647222111E-10	3.6219404504673258E-9	3.671917596401599E-6	1.255790927597968E-9	2.805126223428803E-9	7.400911216470977E-9	5.975839787305042E-9	3.318589977446099E-9	6.9983464377020466E-9	1.2248139506019286E-5	5.948999335776378E-9	2.0340131875285697E-9	3.3524535268057504E-9	2.2831920439724866E-4
0.001990124797989593	6.145817647222111E-10	3.6219404504673258E-9	3.299838092872718E-5	1.255790927597968E-9	6.174082817766796E-6	7.400911216470977E-9	5.975839787305042E-9	3.318589977446099E-9	6.9983464377020466E-9	1.1775924916853462E-9	5.948999335776378E-9	2.0340131875285697E-9	3.3524535268057504E-9	1.1867248298846355E-5
8.961882723459665E-4	4.634007964181943E-5	6.664732622904925E-5	6.109679860901163E-9	1.255790927597968E-9	2.805126223428803E-9	5.188038762746155E-6	4.064168639346159E-5	3.318589977446099E-9	2.547468086787922E-4	2.367078667536714E-5	5.948999335776378E-9	2.0340131875285697E-9	3.8891813364473515E-5	4.671961064070846E-10
0.001155154594772363	6.822472170181265E-6	3.6219404504673258E-9	6.109679860901163E-9	3.767498361886664E-5	2.805126223428803E-9	7.400911216470977E-9	5.975839787305042E-9	1.0954665515549573E-5	6.9983464377020466E-9	1.5545398482738252E-5	5.948999335776378E-9	2.0340131875285697E-9	3.3524535268057504E-9	1.693590557686746E-4
0.001750777136353075	6.145817647222111E-10	3.6219404504673258E-9	6.109679860901163E-9	1.255790927597968E-9	5.638303709091893E-7	7.400911216470977E-9	5.384231648361843E-6	1.52688324862295E-5	6.9983464377020466E-9	1.1775924916853462E-9	5.948999335776378E-9	2.0340131875285697E-9	3.3524535268057504E-9	7.610671292982049E-5
0.0014863175889055123	3.872479699514652E-6	3.6219404504673258E-9	6.109679860901163E-9	4.270944944760689E-6	2.805126223428803E-9	8.888494370981644E-6	5.975839787305042E-9	1.8186204935402366E-4	6.9983464377020466E-9	3.533955067547724E-6	5.948999335776378E-9	2.0340131875285697E-9	3.3524535268057504E-9	1.2381164015894149E-5
0.0016330651716138038	3.380814287736883E-6	3.6219404504673258E-9	5.62151644001516E-5	1.255790927597968E-9	2.805126223428803E-9	7.400911216470977E-9	5.975839787305042E-9	3.318589977446099E-9	5.605675496599339E-6	1.1775924916853462E-9	5.948999335776378E-9	2.0340131875285697E-9	3.3524535268057504E-9	1.2254600590668472E-4
9.966358155901445E-4	6.145817647222111E-10	3.6219404504673258E-9	2.138998919301497E-5	1.255790927597968E-9	4.1516148619368627E-4	7.400911216470977E-9	5.975839787305042E-9	1.2282101506528011E-5	6.9983464377020466E-9	1.1775924916853462E-9	5.948999335776378E-9	5.906794636714841E-4	3.3524535268057504E-9	1.3273088102635914E-4
9.291476224729625E-4	6.145817647222111E-10	3.6219404504673258E-9	6.109679860901163E-9	7.536001356515407E-6	1.1248556155949499E-6	7.400911216470977E-9	5.975839787305042E-9	6.308639547125034E-6	6.9983464377020466E-9	1.1775924916853462E-9	5.948999335776378E-9	2.0340131875285697E-9	3.3524535268057504E-9	1.413272893842495E-4
0.0012917004738699175	7.2526794054868125E-6	3.6219404504673258E-9	2.8721605026096367E-5	2.3031331191239495E-4	2.805126223428803E-9	7.400911216470977E-9	5.975839787305042E-9	2.1836653910593077E-4	6.9983464377020466E-9	8.761405897388143E-5	5.948999335776378E-9	2.8740809741097437E-4	3.3524535268057504E-9	7.349041473394081E-5
0.001316812359680962	8.727675640820118E-6	3.6219404504673258E-9	6.109679860901163E-9	1.255790927597968E-9	2.805126223428803E-9	7.400911216470977E-9	5.975839787305042E-9	3.318589977446099E-9	7.005344784139748E-6	1.1775924916853462E-9	5.948999335776378E-9	2.0340131875285697E-9	2.0349728153063585E-4	8.007787983428071E-5
0.0032716157207844576	6.145817647222111E-10	3.6219404504673258E-9	6.109679860901163E-9	1.7331170591779557E-5	7.5766459294811965E-6	7.400911216470977E-9	5.975839787305042E-9	3.318589977446099E-9	1.1967872243114269E-4	2.3199749678693004E-5	5.948999335776378E-9	8.156392881989564E-7	2.635061996604588E-4	1.5006385657406198E-4
0.002073307919738678	2.6433161700702294E-6	3.6219404504673258E-9	6.109679860901163E-9	1.255790927597968E-9	1.582119241276079E-4	7.400911216470977E-9	5.975839787305042E-9	4.513614228324439E-5	6.9983464377020466E-9	1.1775924916853462E-9	5.948999335776378E-9	2.0340131875285697E-9	3.3524535268057504E-9	6.185723168440441E-5
0.0012932699667331077	5.101643228959074E-6	3.6219404504673258E-9	7.3377255129422965E-6	1.5949800571421793E-5	2.805126223428803E-9	7.400911216470977E-9	5.975839787305042E-9	3.318589977446099E-9	4.20600620905893E-6	3.6517143167162586E-6	5.948999335776378E-9	3.817863093123E-4	8.049240917860608E-6	1.0563350685474825E-4
0.0025245371179058837	6.269348581931275E-6	1.0507249246805711E-5	6.109679860901163E-9	4.396524037520486E-6	1.879715082319641E-5	1.4069132222511328E-5	4.189063690900834E-6	1.0188403089757268E-4	6.9983464377020466E-9	6.595695545929623E-6	5.948999335776378E-9	2.0340131875285697E-9	3.3524535268057504E-9	2.240677198289442E-4
0.0017076160826153422	4.92279993542491E-7	3.6219404504673258E-9	9.653905148209927E-5	1.3940535087265045E-5	2.3563340789424286E-4	7.400911216470977E-9	5.975839787305042E-9	1.3609537497506452E-5	6.9983464377020466E-9	7.302251040940831E-6	5.948999335776378E-9	2.0340131875285697E-9	3.3524535268057504E-9	1.9355981408056156E-4
0.001601675314349998	6.145817647222111E-10	3.6219404504673258E-9	6.109679860901163E-9	1.255790927597968E-9	7.296133307138316E-6	7.400911216470977E-9	5.975839787305042E-9	8.695037599906524E-5	6.9983464377020466E-9	1.1775924916853462E-9	5.948999335776378E-9	2.0340131875285697E-9	3.285739701622316E-5	1.0007387318850394E-4
0.001361542906281885	2.6433161700702294E-6	3.6219404504673258E-9	1.2225469401663229E-5	8.426482703275126E-5	1.206484788696728E-5	7.400911216470977E-9	5.975839787305042E-9	1.1482653180961248E-4	6.9983464377020466E-9	1.8853255791882392E-6	2.0232546740975456E-5	2.0340131875285697E-9	8.719731623221757E-6	6.671607119103808E-5
9.903578441373836E-4	7.995708759035966E-7	3.6219404504673258E-9	6.109679860901163E-9	1.7593630895647534E-6	7.966838987160143E-5	7.400911216470977E-9	5.975839787305042E-9	3.35177587722056E-7	6.9983464377020466E-9	2.945158821705051E-6	5.948999335776378E-9	2.0340131875285697E-9	3.3524535268057504E-9	4.671961064070846E-10
0.0037793466620265137	6.145817647222111E-10	3.6219404504673258E-9	6.109679860901163E-9	6.366985582014457E-5	3.001765571691162E-5	7.400911216470977E-9	5.975839787305042E-9	6.361770172663946E-4	6.9983464377020466E-9	1.1775924916853462E-9	5.948999335776378E-9	2.0340131875285697E-9	3.3524535268057504E-9	4.671961064070846E-10
0.0021611995200773336	6.761013993709044E-6	3.6219404504673258E-9	6.109679860901163E-9	1.255790927597968E-9	2.805126223428803E-9	7.400911216470977E-9	5.975839787305042E-9	3.318589977446099E-9	6.9983464377020466E-9	1.2601417253524888E-5	5.948999335776378E-9	2.0340131875285697E-9	3.3524535268057504E-9	4.671961064070846E-10
0.001177912241288622	1.3526944641535866E-6	3.6219404504673258E-9	6.109679860901163E-9	1.255790927597968E-9	2.104125180193945E-5	7.400911216470977E-9	5.975839787305042E-9	2.821133339826929E-5	6.9983464377020466E-9	4.829306808401604E-6	5.948999335776378E-9	2.0340131875285697E-9	3.3524535268057504E-9	4.671961064070846E-10
9.464120439680556E-4	1.9672762288757973E-6	3.6219404504673258E-9	6.109679860901163E-9	1.255790927597968E-9	2.805126223428803E-9	7.400911216470977E-9	0.0017138768268388734	1.958299945690943E-5	1.1204352646760978E-5	5.535862303412812E-6	2.9804486672239647E-6	2.0340131875285697E-9	1.6795792169296809E-6	4.671961064070846E-10
9.942815762953592E-4	1.4141526406258077E-6	1.8145921656841299E-6	1.8390136381312499E-6	1.255790927597968E-9	2.805126223428803E-9	7.400911216470977E-9	5.975839787305042E-9	1.3609537497506452E-5	1.4703525865612E-5	4.240510562558931E-6	5.948999335776378E-9	1.4339996373395166E-4	7.378750212499457E-6	4.671961064070846E-10
0.0020097434587794715	3.872479699514652E-6	3.6219404504673258E-9	7.698807592721555E-5	1.808464514833834E-5	3.787200914251227E-5	4.447947641099057E-6	5.975839787305042E-9	1.52688324862295E-5	6.9983464377020466E-9	2.1208440775253084E-6	5.948999335776378E-9	4.0883665069324244E-7	3.3524535268057504E-9	4.671961064070846E-10
0.002862762829923389	1.9058180524035766E-6	3.6219404504673258E-9	3.671917596401599E-6	3.503782267091091E-5	3.001765571691162E-5	7.400911216470977E-9	5.975839787305042E-9	1.692812747495255E-5	6.9983464377020466E-9	1.1306065512671009E-5	5.948999335776378E-9	1.4240126325887516E-5	3.3524535268057504E-9	4.671961064070846E-10
0.001349771709807958	1.849891111813855E-7	3.6219404504673258E-9	6.109679860901163E-9	1.255790927597968E-9	2.805126223428803E-9	7.400911216470977E-9	5.975839787305042E-9	3.318589977446099E-9	6.9983464377020466E-9	1.1775924916853462E-9	5.948999335776378E-9	2.0340131875285697E-9	3.3524535268057504E-9	4.671961064070846E-10
0.001014684983516833	1.7214435229869133E-6	7.247502841385119E-6	6.109679860901163E-9	1.255790927597968E-9	2.805126223428803E-9	7.400911216470977E-9	5.975839787305042E-9	3.318589977446099E-9	6.9983464377020466E-9	1.061010835008497E-6	5.948999335776378E-9	2.0340131875285697E-9	3.3524535268057504E-9	4.671961064070846E-10
0.0010201782085379988	4.2412287583479786E-6	3.6219404504673258E-9	4.338483669225916E-5	1.255790927597968E-9	3.3103294562683305E-5	7.400911216470977E-9	5.975839787305042E-9	1.925114045916482E-5	6.9983464377020466E-9	4.358269811727466E-6	4.17024853437924E-6	2.0340131875285697E-9	3.3524535268057504E-9	4.671961064070846E-10
0.002575545635959568	3.079054641258277E-7	3.6219404504673258E-9	6.109679860901163E-9	1.255790927597968E-9	1.9271497667578219E-4	5.1813779426513315E-5	5.975839787305042E-9	1.725998647269716E-5	6.9983464377020466E-9	4.947066057570138E-6	5.948999335776378E-9	2.0340131875285697E-9	3.3524535268057504E-9	4.671961064070846E-10
0.0012650190951956828	3.6881051700979884E-6	3.6219404504673258E-9	6.109679860901163E-9	1.255790927597968E-9	2.805126223428803E-9	7.400911216470977E-9	5.975839787305042E-9	3.318589977446099E-9	1.0504518002990772E-5	1.1775924916853462E-9	5.948999335776378E-9	2.0340131875285697E-9	3.0175434194778562E-5	4.671961064070846E-10
0.0015538057820226945	2.0281812817597687E-5	3.730960858026392E-5	6.109679860901163E-9	4.64768222304008E-6	6.735108062452556E-6	7.400911216470977E-9	5.975839787305042E-9	1.4137525162918126E-4	7.005344784139748E-6	2.567269391123223E-5	5.948999335776378E-9	2.0340131875285697E-9	3.3524535268057504E-9	4.671961064070846E-10
0.0016668092681723949	6.145817647222111E-10	3.6219404504673258E-9	6.109679860901163E-9	1.255790927597968E-9	2.805126223428803E-9	7.400911216470977E-9	5.975839787305042E-9	3.653767565168155E-6	6.9983464377020466E-9	4.829306808401604E-6	5.948999335776378E-9	2.0340131875285697E-9	3.3524535268057504E-9	4.671961064070846E-10
0.0011096393017398449	1.1068617582647022E-6	3.6219404504673258E-9	3.1709849446063127E-4	1.255790927597968E-9	2.805126223428803E-9	7.400911216470977E-9	5.975839787305042E-9	6.206095116821949E-5	6.9983464377020466E-9	1.6498070808511698E-6	5.948999335776378E-9	3.893121581061557E-4	3.385978062073808E-7	4.671961064070846E-10
9.699544369159098E-4	1.598527170042471E-6	3.6219404504673258E-9	6.109679860901163E-9	1.4191693272784639E-5	2.805126223428803E-9	7.400911216470977E-9	5.975839787305042E-9	1.3772480265399054E-4	6.9983464377020466E-9	1.1775924916853462E-9	5.948999335776378E-9	2.4410192263530365E-5	3.3524535268057504E-9	4.671961064070846E-10
0.002467250628399438	6.145817647222111E-10	3.6219404504673258E-9	6.109679860901163E-9	9.519020810285358E-5	2.805126223428803E-9	7.400911216470977E-9	5.975839787305042E-9	3.318589977446099E-9	6.9983464377020466E-9	1.1775924916853462E-9	5.948999335776378E-9	0.001160813360135742	3.3524535268057504E-9	4.671961064070846E-10
0.001060985022980946	6.145817647222111E-10	3.6219404504673258E-9	6.109679860901163E-9	6.5313686144370314E-6	2.805126223428803E-9	7.400911216470977E-9	1.614074326551092E-5	3.318589977446099E-9	6.9983464377020466E-9	1.1775924916853462E-9	5.948999335776378E-9	2.0340131875285697E-9	3.3524535268057504E-9	4.671961064070846E-10
0.002777225468879519	6.145817647222111E-10	3.6219404504673258E-9	6.109679860901163E-9	4.583762464825343E-5	2.805126223428803E-9	7.400911216470977E-9	5.975839787305042E-9	4.214941130354291E-5	6.9983464377020466E-9	2.7096403233679817E-6	5.948999335776378E-9	2.0340131875285697E-9	3.3524535268057504E-9	4.671961064070846E-10
0.0012728665595116342	6.145817647222111E-10	3.6219404504673258E-9	6.109679860901163E-9	5.6511847532836164E-5	2.805126223428803E-9	7.400911216470977E-9	5.975839787305042E-9	6.670697713664403E-5	6.9983464377020466E-9	1.1775924916853462E-9	5.948999335776378E-9	2.0340131875285697E-9	3.3524535268057504E-9	4.671961064070846E-10
0.001321520838270533	6.145817647222111E-10	3.6219404504673258E-9	6.109679860901163E-9	1.255790927597968E-9	1.0126786179200322E-4	7.400911216470977E-9	5.975839787305042E-9	3.318589977446099E-9	6.9983464377020466E-9	9.432515858399622E-7	5.948999335776378E-9	2.0340131875285697E-9	6.872864975304469E-5	4.671961064070846E-10
0.0019194976191460303	6.145817647222111E-10	3.6219404504673258E-9	6.109679860901163E-9	2.010521275084347E-6	2.805126223428803E-9	7.400911216470977E-9	5.975839787305042E-9	9.856544092012658E-5	6.9983464377020466E-9	2.2386033266938433E-6	5.948999335776378E-9	2.0340131875285697E-9	3.3524535268057504E-9	4.671961064070846E-10
0.0013662513848714559	6.145817647222111E-10	3.6219404504673258E-9	1.3258616266141612E-4	1.255790927597968E-9	2.8079313496522314E-6	7.400911216470977E-9	5.975839787305042E-9	3.318589977446099E-9	6.9983464377020466E-9	1.1775924916853462E-9	5.948999335776378E-9	2.0340131875285697E-9	3.3524535268057504E-9	4.671961064070846E-10
0.0015365413605276015	6.145817647222111E-10	3.6219404504673258E-9	1.8335149262564392E-5	1.255790927597968E-9	2.805126223428803E-9	7.400911216470977E-9	5.975839787305042E-9	1.732337154126638E-4	6.9983464377020466E-9	6.00689930008695E-6	5.948999335776378E-9	2.0340131875285697E-9	3.3524535268057504E-9	4.671961064070846E-10
9.385645796521042E-4	6.145817647222111E-10	3.6219404504673258E-9	6.109679860901163E-9	5.652314965118454E-6	7.5766459294811965E-6	7.400911216470977E-9	5.975839787305042E-9	3.318589977446099E-9	6.9983464377020466E-9	1.1775924916853462E-9	5.948999335776378E-9	2.0340131875285697E-9	3.3524535268057504E-9	4.671961064070846E-10
0.0029082781229559074	6.145817647222111E-10	3.6219404504673258E-9	6.109679860901163E-9	1.255790927597968E-9	1.1220785406337554E-4	7.400911216470977E-9	5.975839787305042E-9	6.537954114566559E-5	6.9983464377020466E-9	1.8853255791882392E-6	5.948999335776378E-9	2.0340131875285697E-9	3.3524535268057504E-9	4.671961064070846E-10
0.0021611995200773336	6.145817647222111E-10	3.6219404504673258E-9	8.004291585766613E-5	1.255790927597968E-9	2.805126223428803E-9	7.400911216470977E-9	5.975839787305042E-9	3.318589977446099E-9	6.9983464377020466E-9	1.1775924916853462E-9	5.948999335776378E-9	4.7433390934485E-4	3.3524535268057504E-9	4.671961064070846E-10
0.0024641116426730577	6.145817647222111E-10	9.058473066618781E-6	1.3447405373843461E-5	1.4442851458304231E-5	5.638303709091893E-7	7.400911216470977E-9	5.975839787305042E-9	1.05866338870508E-4	6.9983464377020466E-9	1.1775924916853462E-9	5.948999335776378E-9	2.0340131875285697E-9	3.3524535268057504E-9	4.671961064070846E-10
0.0013238750775653183	6.145817647222111E-10	3.6219404504673258E-9	6.109679860901163E-9	7.661580449275203E-6	1.206484788696728E-5	7.400911216470977E-9	5.975839787305042E-9	3.318589977446099E-9	6.9983464377020466E-9	1.1775924916853462E-9	5.948999335776378E-9	2.0340131875285697E-9	3.3524535268057504E-9	4.671961064070846E-10
0.0016087380322343545	6.145817647222111E-10	9.782861156712246E-6	6.109679860901163E-9	1.255790927597968E-9	2.805126223428803E-9	7.400911216470977E-9	2.2116583052815958E-5	3.318589977446099E-9	6.9983464377020466E-9	1.1775924916853462E-9	5.948999335776378E-9	2.0340131875285697E-9	3.3524535268057504E-9	4.671961064070846E-10
0.001828467033080994	6.145817647222111E-10	2.538980255777595E-6	6.109679860901163E-9	1.255790927597968E-9	2.805126223428803E-9	7.400911216470977E-9	5.975839787305042E-9	3.318589977446099E-9	6.9983464377020466E-9	1.061010835008497E-6	5.948999335776378E-9	2.0340131875285697E-9	3.3524535268057504E-9	4.671961064070846E-10
0.0016911364075518443	6.145817647222111E-10	3.6219404504673258E-9	6.109679860901163E-9	1.255790927597968E-9	4.491007083709514E-6	9.62858549262874E-6	5.975839787305042E-9	3.318589977446099E-9	6.9983464377020466E-9	1.1775924916853462E-9	5.948999335776378E-9	2.0340131875285697E-9	3.3524535268057504E-9	4.671961064070846E-10
0.0016919211539834394	6.145817647222111E-10	3.6219404504673258E-9	6.109679860901163E-9	3.517470388201909E-6	3.088443971995112E-6	7.400911216470977E-9	5.975839787305042E-9	3.883082132609681E-5	6.9983464377020466E-9	1.1775924916853462E-9	5.948999335776378E-9	2.0340131875285697E-9	3.3524535268057504E-9	4.671961064070846E-10
9.699544369159098E-4	6.145817647222111E-10	9.058473066618781E-6	6.109679860901163E-9	1.255790927597968E-9	1.6858808602807104E-6	7.400911216470977E-9	6.579399605822851E-6	3.318589977446099E-9	6.9983464377020466E-9	1.1775924916853462E-9	7.144748202267429E-6	2.0340131875285697E-9	3.3524535268057504E-9	4.671961064070846E-10
9.118832009778694E-4	6.145817647222111E-10	3.6219404504673258E-9	6.109679860901163E-9	1.255790927597968E-9	2.805126223428803E-9	7.400911216470977E-9	5.975839787305042E-9	3.318589977446099E-9	6.9983464377020466E-9	1.1775924916853462E-9	5.948999335776378E-9	2.0340131875285697E-9	7.713995565180033E-6	4.671961064070846E-10
0.0013686056241662412	6.145817647222111E-10	3.6219404504673258E-9	6.109679860901163E-9	7.159264078236016E-6	2.805126223428803E-9	7.400911216470977E-9	5.975839787305042E-9	3.318589977446099E-9	6.9983464377020466E-9	1.1775924916853462E-9	5.948999335776378E-9	2.0340131875285697E-9	3.3524535268057504E-9	4.671961064070846E-10
9.911425905689787E-4	6.145817647222111E-10	3.6219404504673258E-9	6.109679860901163E-9	1.255790927597968E-9	2.805126223428803E-9	7.400911216470977E-9	6.579399605822851E-6	3.318589977446099E-9	6.9983464377020466E-9	1.1775924916853462E-9	5.948999335776378E-9	2.0340131875285697E-9	3.788607730643179E-5	4.671961064070846E-10
0.0020379943303168962	6.145817647222111E-10	1.1593831381945908E-5	6.109679860901163E-9	1.255790927597968E-9	2.805126223428803E-9	7.400911216470977E-9	5.975839787305042E-9	3.318589977446099E-9	6.9983464377020466E-9	1.1775924916853462E-9	7.144748202267429E-6	2.0340131875285697E-9	3.3524535268057504E-9	4.671961064070846E-10
0.0021557062950561677	6.145817647222111E-10	2.3546234868488086E-5	6.109679860901163E-9	1.255790927597968E-9	2.805126223428803E-9	7.400911216470977E-9	5.975839787305042E-9	3.318589977446099E-9	6.9983464377020466E-9	1.1775924916853462E-9	5.948999335776378E-9	2.0340131875285697E-9	3.3524535268057504E-9	4.671961064070846E-10
